30.394219924952516 -84.22860686888868
30.393130374089516 -84.230220976144
30.39317236427818 -84.23079631147671
30.395173134156256 -84.22882581944673
30.395170954640285 -84.23090569100084
30.395302662399725 -84.22810461954894
30.39535034158016 -84.22848815296588
30.395997988273326 -84.23001865155516
30.396110205902094 -84.2295335557181
30.400940128041153 -84.23164035042804
30.401082983485626 -84.2317077946163
30.400583209601468 -84.23173989635872
30.400963942490037 -84.23099086766759
30.4000964441644 -84.23075918851048
30.40012322881237 -84.23101199886632
30.400373366464773 -84.23171828008117
30.399371222491286 -84.23175435127509
30.399565822364494 -84.23174665272583
30.399587662198787 -84.23024029434772
30.398042469530285 -84.2306038313493
30.398103878075293 -84.23168054693754
30.3978894911058 -84.23168267515543
30.397724192775023 -84.23046928008077
30.39703630355525 -84.23085799041117
30.39566373564043 -84.22970508960564
30.4004533082326 -84.23163841873566
30.400499899421153 -84.23140772358052
30.39121734549509 -84.22593774418786
30.390569193159674 -84.22534644133499
30.391365565788583 -84.22643187346998
30.39097139670151 -84.22534226512715
30.39086228459271 -84.22654665233665
30.388868528912592 -84.22638208824823
30.38832335098339 -84.22687078367936
30.39056389804165 -84.2267057792423
30.390050545907098 -84.22630258203398
30.3882633309801 -84.22730305791751
30.38958459008275 -84.22637287003897
30.39110859588738 -84.22702196101538
30.386857391981344 -84.2268868124622
30.387043336203508 -84.22695308971444
30.38844050526277 -84.2257839952611
30.387765353321328 -84.22561104429683
30.386308200090806 -84.22569957169546
30.38673225667049 -84.22566385449521
30.387192979901222 -84.22566222911607
30.38654822250381 -84.22646425271385
30.38847811356451 -84.22554753826113
30.38982676009881 -84.22578208344346
30.389345627429382 -84.22547132085747
30.389743753847203 -84.22543703115794
30.390154757080193 -84.22541908839713
30.395949167939385 -84.2298608595089
30.395803659854515 -84.23053152675162
30.396166497658015 -84.2292967069893
30.38665051166397 -84.22464281059854
30.386335056080817 -84.22467820962784
30.38724030935535 -84.22472490474448
30.387054243265975 -84.22444109242045
30.386553850529502 -84.22326178259965
30.387235851033306 -84.22307682778617
30.387523835801783 -84.22399681371455
30.38979622728455 -84.22273224340778
30.393449121558113 -84.22402617613865
30.394157995247642 -84.22410803351735
30.394273732431643 -84.22289506124251
30.39394241715836 -84.22305795204878
30.393516468065663 -84.22334981018335
30.39260810518113 -84.21995102115054
30.395247346335562 -84.22104111349078
30.394746938895608 -84.22166009294502
30.394757074474835 -84.22262262048447
30.39546631349726 -84.2235890077242
30.395095940161124 -84.2233249148147
30.39692754201603 -84.22270201372395
30.39593639533227 -84.22199677599318
30.396084316542627 -84.22169212660901
30.39444793113943 -84.21949349606896
30.395599282292224 -84.2255642073224
30.396244639243434 -84.22504581226475
30.39459668708742 -84.22490640553157
30.394301512613403 -84.22496499030619
30.39552801451826 -84.2249808677382
30.394383768319052 -84.22584471268173
30.394454948583924 -84.22555328909068
30.394764146716792 -84.22546371393196
30.38647238174236 -84.22656661719692
30.38649973809498 -84.22693643879141
30.3948621419954 -84.22889182495607
30.394110637402157 -84.22934358136793
30.400529619164995 -84.23108701532486
30.395203396512628 -84.22973146740216
30.39524625392065 -84.22959978298513
30.39591674838773 -84.23083651086509
30.395779243065387 -84.23099057180059
30.396023868171387 -84.22823309277487
30.395940043955267 -84.22856514033427
30.3964247344738 -84.2297589472539
30.39616124542429 -84.22966913808769
30.399591204983558 -84.23112324166681
30.39965573087325 -84.23104847415827
30.399640919824378 -84.23167966394237
30.39973625523856 -84.23172843085523
30.398401491932887 -84.22969273878665
30.398386390343347 -84.22999248436078
30.397729968897952 -84.2312148591463
30.39766323909398 -84.23150175154063
30.397697714341202 -84.23006620661245
30.397451522927305 -84.22995474012106
30.396705449644433 -84.23026328722786
30.39644220818635 -84.230182085669
30.390844000586217 -84.22567916596823
30.390724489930726 -84.22571316066897
30.391134442971733 -84.22639365886819
30.391260437003087 -84.22631721967413
30.390200819041194 -84.22670757572202
30.39021632858493 -84.22712835257686
30.388026616388174 -84.22599194475958
30.388081149725636 -84.22634686702253
30.38781425591386 -84.22678216057469
30.38779547803228 -84.22647157940315
30.38690082904794 -84.22652123468215
30.386924100474555 -84.22666670526168
30.38672697755179 -84.22601964463404
30.386735234086785 -84.2259596042206
30.387065739779 -84.22575576673296
30.387065170670983 -84.22587849971632
30.3879928156367 -84.22565437930048
30.38800081362687 -84.2258051446216
30.386397703683247 -84.22591117468212
30.386405637873224 -84.22576033359253
30.3894739498405 -84.2256843747338
30.389465965865796 -84.22553357262852
30.390068542090376 -84.22565448919907
30.39005869276599 -84.22550054672728
30.38682847597492 -84.22435226763179
30.386685064168322 -84.22441601561073
30.386376429900317 -84.22293214257944
30.386063599582926 -84.22302882127792
30.386869681200334 -84.22308448036141
30.386881351570004 -84.22323184479632
30.387355064464543 -84.22317350299774
30.387295244256126 -84.2231838274913
30.38743149841992 -84.22352537118155
30.38736487811825 -84.2235654769788
30.388318642074662 -84.2244488601004
30.388341994200452 -84.22431796531205
30.38941525615218 -84.22376856291784
30.389517897381346 -84.22385321040507
30.389631772453615 -84.2230340028589
30.389750533304852 -84.22303553325743
30.39072178499812 -84.22218321991113
30.390734848900426 -84.22247858307814
30.39435697766006 -84.22365589798866
30.394388194658134 -84.22392698538532
30.394694480878194 -84.2228831392245
30.39440374730196 -84.22300125905655
30.39430784813192 -84.22163949186927
30.394153321261946 -84.22172237534339
30.3937408218746 -84.21956469734764
30.393920360209105 -84.21982710976968
30.395025287488863 -84.222575605114
30.39513002813079 -84.22273450444659
30.396861661136505 -84.2218694412224
30.396731657638785 -84.22204119757752
30.395409431964673 -84.22456894330179
30.395501056944603 -84.22455481947145
30.390128861385815 -84.22572330371779
30.390202387515057 -84.2257348605801
30.394402395793982 -84.22831528513804
30.394686766329624 -84.2284030632263
30.392952257274093 -84.22849892571018
30.392964163610557 -84.22823518670529
30.392669021767638 -84.22866626182065
30.400434482033535 -84.23067120742839
30.400326552236105 -84.23060700997569
30.400310948028903 -84.23024245122993
30.39627319940455 -84.23072813315363
30.39610813312851 -84.2309051754499
30.396151236356925 -84.23112561475148
30.397281626546306 -84.22913062599093
30.397063210175684 -84.22910583332981
30.396916953372767 -84.22934275001008
30.39113398398086 -84.22537260161133
30.391175562947087 -84.22553477571903
30.391104006970963 -84.22562235453051
30.38688524517633 -84.22593172557394
30.386913366542338 -84.22597988155073
30.386979885158986 -84.22597435905895
30.387228874960158 -84.22592737890233
30.387209733826907 -84.22597199288859
30.38714901112346 -84.22597636725631
30.38791113410921 -84.22589770378654
30.387838961999048 -84.22588450403069
30.387811786630817 -84.22592345523817
30.38885841980246 -84.22565049370031
30.388830564989647 -84.22577695280455
30.388725630011034 -84.22581109062833
30.392983284690615 -84.22240224403934
30.392754411885505 -84.22230016722789
30.392722815091133 -84.22206778739161
30.39567603301234 -84.22483575921345
30.395794585076075 -84.22483049581062
30.39590678972052 -84.22503712270925
30.394234900079162 -84.22780339989677
30.394665334889805 -84.22618346916622
30.394850776579464 -84.22613431279262
30.394063220147153 -84.23070906630832
30.394045088027813 -84.23035007208495
30.394192909478424 -84.23023728059945
30.395650137181526 -84.23100676790145
30.39553538031603 -84.23095502915943
30.395489831821035 -84.23099741034866
30.395398613751983 -84.23095628426482
30.395868118540694 -84.22340121600789
30.39572004231003 -84.22323675178903
30.395491167565982 -84.22331398508453
30.39543155228842 -84.22324777229646
30.38814810595655 -84.22584842005531
30.388169423402868 -84.22590504365213
30.388260417730013 -84.22591691666007
30.388293898979086 -84.22586431330602
30.388351325375496 -84.22587180632792
30.393961587407762 -84.2286078410545
30.393619894800622 -84.22796166736994
30.394330212353776 -84.22882667843639
30.394177465013264 -84.22993151888859
30.39426743461409 -84.23082787625702
30.39350319895058 -84.23010877574646
30.3930626988926 -84.23050488444088
30.392999733756387 -84.23006713578815
30.393494261482164 -84.23083837163126
30.395220265752428 -84.2288786914869
30.395220242523397 -84.22860769428031
30.39522019438766 -84.22806569986757
30.395256286262224 -84.2295978725527
30.395193347706943 -84.22952491848739
30.39520232130757 -84.22931645817185
30.395184321665628 -84.2290871548938
30.395139348671954 -84.22883700885474
30.395391198699745 -84.23033789032213
30.39526531925039 -84.23015028923328
30.395220350682777 -84.22993141140591
30.395256302608594 -84.22980633201945
30.395193364169106 -84.22973337781983
30.39569691660858 -84.23096324131068
30.395786824834225 -84.23102577117389
30.395921667785142 -84.23083814398731
30.395678907969206 -84.23056716827335
30.395346294115914 -84.23100496567655
30.395391238903994 -84.23090073166009
30.395499135077706 -84.23106748959944
30.395535088804042 -84.23095283327721
30.395660963580884 -84.23108832083554
30.39519345384283 -84.23095286491589
30.395211425954127 -84.230827787628
30.394941719218213 -84.2309007735294
30.396137226786312 -84.22820108771475
30.396505851490907 -84.22840950532695
30.396451898030236 -84.22828443451641
30.396658700072575 -84.22854498779152
30.39564286988223 -84.22955613933058
30.395507873643353 -84.2279197427197
30.395966444294476 -84.22859718421158
30.395678755310072 -84.22863890986594
30.39563385168418 -84.2292121808423
30.39563386527758 -84.22937894906018
30.395975563473556 -84.23019190982284
30.396029491689678 -84.23000428940192
30.39606543561079 -84.22977497840952
30.396146335238328 -84.22959777777928
30.39617328974184 -84.22938931348381
30.39531910470089 -84.22824287844674
30.40043479563117 -84.23014976796875
30.400120130286165 -84.23012895271634
30.400893412360855 -84.23169241080717
30.40105524600045 -84.23179663296449
30.40106422918182 -84.23168197268544
30.4005517773993 -84.23169243986418
30.400902348805403 -84.23087937112908
30.400542747369677 -84.23108787545742
30.400542768900618 -84.23141100511795
30.40007522310286 -84.23074394302364
30.400255025073307 -84.2306605379309
30.40043483368844 -84.23067094426428
30.400075245479965 -84.23106707113745
30.400264043038597 -84.23105663036345
30.40009321337104 -84.23087944668272
30.400237113618928 -84.23169246662684
30.400398947258438 -84.23179668808415
30.400093250576308 -84.23143189162434
30.400093238201165 -84.23124426881392
30.39961674663866 -84.2312338880872
30.399715629731258 -84.23106710402527
30.399616722504128 -84.23087949117428
30.400084276925597 -84.23169247962572
30.39962576684563 -84.23169251862191
30.39977860353895 -84.23169250562326
30.399742648516426 -84.23179674320234
30.399131253430202 -84.23105673408016
30.39911328944046 -84.23130689696384
30.399104313353824 -84.2315257888266
30.39936505328047 -84.23181762173705
30.399472930811257 -84.23170295504376
30.39963465293308 -84.2301811189801
30.39961668450912 -84.23034789580522
30.399239108356266 -84.2306293648715
30.399194171097303 -84.23083783705424
30.398070367504932 -84.23077540282003
30.39814227133899 -84.23050439071487
30.398241134074148 -84.23007702613674
30.398510846672462 -84.2300874220589
30.398834503986293 -84.23012908263544
30.3979625400355 -84.23163012049999
30.39809740581304 -84.23178645809246
30.39807941714314 -84.23166138030942
30.398304170996216 -84.23156755143594
30.398358098434116 -84.23133823408452
30.397288249771403 -84.23146340723136
30.39744109185856 -84.23154677952688
30.397584936814628 -84.23152592063542
30.39773777752853 -84.23158844680563
30.39789062283102 -84.23172393595249
30.397836645193077 -84.23118193159173
30.39696458946606 -84.23136962711423
30.397144400073795 -84.23141130392781
30.397081435804736 -84.23094226689703
30.39722528711626 -84.2310152158432
30.39737812736469 -84.23106731778451
30.397521975787388 -84.23109857427595
30.397665824906266 -84.23114025408984
30.397719702959865 -84.23023342764894
30.397629821154748 -84.23053571020876
30.39774669250676 -84.23048358268983
30.397593868534425 -84.23066079236602
30.396604967518893 -84.23127585082996
30.39718030221995 -84.23054617693923
30.39724322057011 -84.23034813032723
30.397297144308645 -84.23009796841114
30.397431977884224 -84.22980610498782
30.396577965798738 -84.23082765932094
30.396730805397258 -84.23086933749303
30.396137457974127 -84.2311403927047
30.396308278260857 -84.23118206955523
30.396461117746927 -84.23122374816684
30.39700041933054 -84.22955599419416
30.396272285091165 -84.23072345720433
30.396434116580714 -84.23078598043121
30.396532925463177 -84.22963942905218
30.396452031416878 -84.22988959205567
30.396425076904748 -84.230108479906
30.396353166981818 -84.23028567972496
30.396739763103866 -84.23041071886117
30.39677564105154 -84.22932670924415
30.396982384678896 -84.22889933719382
30.397315044103696 -84.2290764936742
30.39032019239625 -84.22568998052337
30.39021231560226 -84.22576295337049
30.39009544161452 -84.22577339282334
30.38997856649729 -84.22577340984093
30.390796734626043 -84.22616934562267
30.39084169643967 -84.2262631417805
30.390886662510766 -84.22639862805323
30.391462048783097 -84.22640897052182
30.390949458596072 -84.22513749511803
30.390670813198447 -84.22564823923405
30.390706789510244 -84.22578372629496
30.3907337741707 -84.22590879226047
30.39830403137547 -84.22961839460842
30.395822694980865 -84.22977500381678
30.397342032459104 -84.22928495457568
30.39686559193082 -84.2299208186885
30.400443880671666 -84.23150482555602
30.39865465094148 -84.2295453939925
30.3956338934604 -84.22973333152332
30.391228263608305 -84.22607548164318
30.390607825995943 -84.22515839204101
30.39104847221906 -84.22623184513492
30.391084446846474 -84.22635691040614
30.39126423947941 -84.22621096963437
30.391084367884662 -84.22561691090192
30.391156317069523 -84.22585661863963
30.391201283560047 -84.22599210516148
30.390904574781654 -84.22575242998906
30.39112933122649 -84.22572112961466
30.39062583481426 -84.22540852881292
30.391246188106074 -84.22555435180622
30.39134512093793 -84.22590870408965
30.39140813840833 -84.22672165490853
30.39137216306406 -84.22658616652977
30.391345183339997 -84.22650278978426
30.390706746039154 -84.22538767175325
30.39094054874435 -84.22586707238669
30.39101249857478 -84.22611720247636
30.39097652371911 -84.22599213738548
30.390859608043915 -84.22561694398891
30.39082361999618 -84.22537723177349
30.391300215210745 -84.22634645772533
30.391075348694965 -84.22535634904396
30.39102140749499 -84.22536677965022
30.39114727184398 -84.22535633826426
30.391129417102334 -84.22653408719074
30.39093150471968 -84.22537721562709
30.391156402106642 -84.22666957644036
30.390302365556014 -84.22718039276359
30.389960635680666 -84.2262424208348
30.388108724670587 -84.22733701373355
30.387704065317553 -84.22641991540772
30.388800885777705 -84.22634680697665
30.389672991379484 -84.22671146833818
30.3888998206856 -84.22674284037572
30.388027717331646 -84.22639902602221
30.390266352076935 -84.22665927543311
30.388351412970643 -84.22680544820302
30.390634956097376 -84.226638380143
30.390131549093482 -84.22719083760234
30.39045510405168 -84.2262110838271
30.38888181869045 -84.22653439694959
30.3882165643756 -84.22687842196957
30.389951740203298 -84.22718043876732
30.387928919808488 -84.22736830361049
30.388180552943798 -84.22638858252981
30.390410196256138 -84.22663841087977
30.389708907930494 -84.2262737234239
30.38832439816146 -84.22637814025802
30.390050560212927 -84.22644043411694
30.390572036007423 -84.22676345843227
30.38828853254382 -84.22733699043143
30.39030226954679 -84.22623195028602
30.387731079990527 -84.22684722065155
30.38805473207273 -84.22682633267559
30.39014044355351 -84.22624239551699
30.388369408336946 -84.22695135711582
30.38775810433219 -84.22738917003942
30.38959205443487 -84.22648218722361
30.387874881718663 -84.22640946948187
30.387910886819352 -84.22683677425866
30.38955607992695 -84.22635712381638
30.388935739513606 -84.22632594353497
30.390086542084752 -84.22663845514025
30.390940675339962 -84.22709692890828
30.38668815943087 -84.22650343306923
30.38720964132728 -84.22688897929947
30.387074800936976 -84.22704532890208
30.386760126836723 -84.22694114994853
30.38683200465771 -84.22649299112658
30.387371467372134 -84.22687853545395
30.38686798961458 -84.22672227188245
30.387065798146608 -84.22692026489888
30.38691296249208 -84.22693070744008
30.387209596896522 -84.22645125047258
30.3873624335885 -84.22645122928087
30.38705676235336 -84.22647211586138
30.386957889329533 -84.22668057131392
30.386939888309133 -84.22648255412784
30.387335406494273 -84.22591970447523
30.38671507156657 -84.22594063798638
30.386778004322025 -84.22594062893168
30.387002771953053 -84.22601355124328
30.38689488833896 -84.22602398876656
30.387002761929743 -84.22591975240758
30.387110645535532 -84.22590931475764
30.386885887929488 -84.22593019132889
30.38722753068359 -84.22600309695555
30.387119650396563 -84.22604480083042
30.386670130714652 -84.22604486502779
30.386787009150694 -84.22607611454612
30.38721853025916 -84.22590929920052
30.388054629019095 -84.22583622319517
30.387928775822843 -84.22595088554759
30.388261417038763 -84.22591957103859
30.387829871424703 -84.22585710013684
30.38815353343217 -84.22593000880046
30.38847718536816 -84.22590911769572
30.3876770392159 -84.22589881091722
30.38846818375033 -84.22580489650065
30.388036663887657 -84.22598213664536
30.387820891099203 -84.22595090105912
30.38794674541914 -84.22584666102692
30.38827938773547 -84.22582576838636
30.38872892974986 -84.22603414871729
30.388369301762395 -84.22591955549224
30.38871092325147 -84.22579443896113
30.388836787634535 -84.22578399837381
30.388710932244095 -84.22587781716152
30.388387271333762 -84.2258153304959
30.38816251261823 -84.22582578534036
30.387811865744382 -84.22562781479799
30.386283483930022 -84.2254925533811
30.387155545188975 -84.22542989125459
30.387739943735536 -84.22563824754826
30.38844115987285 -84.22532547709031
30.389771726441534 -84.22522105337416
30.387928739720557 -84.22561737541575
30.386355432207917 -84.22572182722699
30.386607162096066 -84.22571136839412
30.387362350618623 -84.22566956943979
30.38805460408954 -84.22560693468422
30.386472343161685 -84.22605531531056
30.38698475749422 -84.22570089108885
30.38677797957507 -84.2257113434163
30.386301577849164 -84.22655559655428
30.387721935355557 -84.22538811812166
30.390122349445306 -84.22520015548817
30.387236486244653 -84.22568001001643
30.389313219881767 -84.2252523897441
30.386490286978855 -84.22571138548408
30.38628350905886 -84.22572183773613
30.386481348967486 -84.22620122254902
30.38646334277462 -84.22596151827561
30.38685889198338 -84.22570090950714
30.38716456423164 -84.22569044266673
30.386768961728198 -84.22546121510094
30.386274546734793 -84.2259823894294
30.388647964347392 -84.22555473593887
30.388450177978708 -84.22557560967363
30.38877382985819 -84.2255547173313
30.38852209998258 -84.22556517680125
30.38979875410175 -84.22573174645733
30.389987522646592 -84.22546073619532
30.38931324773344 -84.22550252588702
30.389520025635903 -84.22549207284493
30.389645889994874 -84.22548163178136
30.389394160125114 -84.22549209153362
30.389780744746645 -84.22547118935402
30.389861657135818 -84.22546075492464
30.3902032897842 -84.22543985921924
30.39012237739669 -84.22545029370248
30.390329154139007 -84.22542941801514
30.390922645509132 -84.22660707326658
30.393736882033174 -84.22925408155919
30.395948575762596 -84.22997302853949
30.39586768495019 -84.23027530496309
30.395984526921822 -84.22983752518485
30.396083397513923 -84.22953524611104
30.39616429173528 -84.2292955068284
30.39645196544204 -84.22906616708369
30.400551785901406 -84.2318279458634
30.38654406622695 -84.22428355757795
30.386382288370957 -84.22470046467181
30.3862474324668 -84.22470048578597
30.38668795932371 -84.22467957269409
30.38667894321506 -84.22446071087927
30.38631036522207 -84.22470047593272
30.386310338310004 -84.22447119151494
30.38656209381316 -84.22467959242775
30.38622940494374 -84.22430445220759
30.38715545614019 -84.22464823306943
30.386921681374346 -84.22443982810918
30.38684074671962 -84.22426266570925
30.38747011625779 -84.2246169172052
30.38600451906322 -84.22328313364441
30.38598649404613 -84.22293921123413
30.38647202218106 -84.22330389774024
30.386400099032418 -84.22330391002909
30.38651694748326 -84.22309544923954
30.386525963217103 -84.2232934664816
30.386382067297692 -84.22290787608966
30.386651828727224 -84.22329344496256
30.386696724280103 -84.22285571074954
30.386831607229986 -84.2230641285804
30.386957472740022 -84.22306410676576
30.38683163394548 -84.22327257007174
30.386957499455587 -84.22327254852559
30.386894539985 -84.22306411767309
30.3872721605742 -84.22325165041661
30.38736201068141 -84.22283474976152
30.387245136926843 -84.22284519241123
30.387254140893326 -84.22294941202915
30.387263155509707 -84.22313700863103
30.387380039973838 -84.2232099433929
30.38737103889394 -84.22312656788088
30.387371026808562 -84.223032768692
30.387254153038228 -84.22304321110583
30.38736202426262 -84.22293897107286
30.38733513022182 -84.22354345922155
30.38766781615367 -84.22387691243951
30.387604874421392 -84.22380396772424
30.387550921750663 -84.22372059945477
30.38752397751859 -84.22393946906504
30.387362113123196 -84.2236372538596
30.38750595942059 -84.22363722977187
30.387721795274512 -84.22417914645496
30.387577931317953 -84.22403325958655
30.387649863316483 -84.22410620296706
30.387461031976226 -84.2238352579917
30.38740707803547 -84.2237414676917
30.387721766177673 -84.22393943655595
30.387469987431206 -84.22355385865254
30.38743401407667 -84.22346006545574
30.387793696959108 -84.22400195779755
30.387973548761657 -84.22436670523173
30.38801847575051 -84.22415825401633
30.388360150515428 -84.22449171023183
30.388378109014774 -84.22430410706643
30.388063457653843 -84.22440837967167
30.3882882000895 -84.22426243258832
30.388162356926404 -84.22445005275756
30.38855794163467 -84.22451252335722
30.388261253722565 -84.22447088147362
30.388557915640757 -84.22429365592426
30.388459047305002 -84.22451253903218
30.388198292402873 -84.22423118040722
30.38810838470882 -84.22419992828362
30.388468011704724 -84.2242936703756
30.389331074472878 -84.22416846354639
30.389097312897917 -84.22407470057396
30.389268108770814 -84.22389749304723
30.389429956196736 -84.22406422400552
30.388989437001587 -84.22414767429075
30.389115325023504 -84.22433525559741
30.389187206696416 -84.22399130731424
30.389223201024084 -84.22426228199365
30.38951978407504 -84.22344929002566
30.38959175269014 -84.22381406075674
30.389420921031668 -84.22369944319523
30.38951085450302 -84.2239391424847
30.389349010778176 -84.22380367862485
30.389654668676005 -84.22367855944759
30.389474847809716 -84.22357436591804
30.389717581908254 -84.22352221319913
30.389789433233453 -84.22295939200647
30.38978945342636 -84.22311572785729
30.389600636320417 -84.22296984730345
30.38960065247965 -84.22309491574242
30.389780411515968 -84.22271967862535
30.389789416945128 -84.22283432332587
30.38959161050657 -84.2226988672777
30.389591628286603 -84.22283435807404
30.38996919878298 -84.22263626596107
30.3905805400265 -84.2225944674183
30.390283859799975 -84.2226153651556
30.39089520103682 -84.22257356634677
30.38995115089686 -84.22213599360613
30.390256820020657 -84.2221046703992
30.390868162517677 -84.2220732909117
30.390571482374302 -84.22209419029335
30.392477427262634 -84.22195834618857
30.392144786993253 -84.2219896755396
30.392423583106332 -84.22268794312231
30.39215384365454 -84.22247953806855
30.392306707989984 -84.22268796383209
30.39302613000823 -84.22419913300823
30.393151996772264 -84.22420953540053
30.39271146999061 -84.22423045200428
30.39352957820513 -84.2240844009021
30.392585379762764 -84.2224586153043
30.39415885197397 -84.22364653841811
30.3940869800802 -84.22406346439823
30.394617396789588 -84.22392788010374
30.39445557352795 -84.2239591753903
30.394023999960172 -84.22367782951741
30.394293705280294 -84.22362567010292
30.39429375279843 -84.22401131631428
30.394581386145333 -84.22353181577179
30.394158913321146 -84.22414683551531
30.39443754637275 -84.22358395444945
30.394095841201906 -84.2230316008343
30.39426662338526 -84.2227605766058
30.394212650722487 -84.22253128316251
30.394329577926165 -84.22292733149071
30.393853087066876 -84.22292741475954
30.394383545883365 -84.22312535678675
30.393835076269774 -84.2226981158258
30.393898072651005 -84.22318797761291
30.393349658642766 -84.22318807198612
30.393457612921708 -84.22374046083348
30.393277691012035 -84.22284413321113
30.39300794490683 -84.22258361223807
30.392873000279344 -84.22192700498206
30.39285499353951 -84.22173939940122
30.392989939104936 -84.2223960062771
30.392971812986154 -84.22134331383462
30.392342276416127 -84.21992595193085
30.39274689937852 -84.22029066349768
30.392764909736833 -84.22048869131137
30.392647943415557 -84.21988419834526
30.392899839015993 -84.22098895502684
30.394131665396586 -84.22199973211384
30.394050767519392 -84.22211439831307
30.393736112247247 -84.22217699278636
30.39388894327283 -84.2221352735943
30.393628164483935 -84.22171840928797
30.39396977904415 -84.22157242565476
30.39380796363421 -84.2216558387287
30.394014472030484 -84.21981095708854
30.393879636888514 -84.2199464816993
30.393717833586095 -84.22010285705286
30.39334026378515 -84.22028012102456
30.394203252618006 -84.2196962666031
30.39353803044986 -84.22013416204274
30.39383458301019 -84.21928985316966
30.393519968176633 -84.21960260351236
30.393268256525744 -84.21972772920253
30.394455286487045 -84.2217599460611
30.394329365369384 -84.22136390033558
30.394787803489734 -84.22086351255346
30.394913639992254 -84.22066545210157
30.394473184908254 -84.2211762608811
30.3946619636806 -84.22104072667541
30.39496768331023 -84.22136377856893
30.395255317588674 -84.2209572277349
30.395084524187823 -84.2211240283103
30.394671042869618 -84.22166609957823
30.39481486577859 -84.22149930576445
30.39516565863351 -84.22272914906536
30.394770111272493 -84.22295852326907
30.394626176719278 -84.2222914823752
30.395012769257512 -84.22233310408862
30.395048754549194 -84.2225102877541
30.395021855776555 -84.22306270883962
30.394949792637775 -84.22201000431237
30.39507577516589 -84.22288550926936
30.39530051453701 -84.22272912522426
30.394904919330603 -84.2225936969928
30.394662164848178 -84.22248951114402
30.39471614169497 -84.22275007436606
30.395480404485127 -84.22336489626329
30.39534558522514 -84.22365676274514
30.395165786412942 -84.22372975357123
30.395048868232113 -84.22338581564864
30.39501296387642 -84.22384443144601
30.395435435283567 -84.22322940501688
30.39555236427768 -84.22365672815197
30.395300587351233 -84.22329196603545
30.394905028517556 -84.223437954791
30.395174728461132 -84.22334410238481
30.396163658494082 -84.22323970307151
30.39632548291636 -84.22321882913238
30.396037806244927 -84.22334395523244
30.39673900204785 -84.22291648727726
30.396595175996026 -84.22307285917469
30.395759066704976 -84.22305215799747
30.395929874746784 -84.22297916704706
30.396334404307474 -84.22268725008496
30.397107587752608 -84.22276007525323
30.39643335159698 -84.2230937334134
30.396487227215836 -84.22258299195259
30.396810845162864 -84.22231193263003
30.39586699668373 -84.22340652258731
30.39689178939008 -84.22254122722968
30.39619956619714 -84.22282277394532
30.396055729423026 -84.22289576064851
30.396505127864433 -84.22198887167615
30.39598370355221 -84.22212446747687
30.395489193299518 -84.22184313700731
30.39529138147864 -84.2216764061364
30.395677987237022 -84.22181183286237
30.396118575011702 -84.22223909651821
30.396055583765893 -84.22181176256022
30.395776824638105 -84.22140531632745
30.39593866790575 -84.2215199390311
30.39617243859091 -84.22166581780591
30.395516083970126 -84.2212698669414
30.39580387573771 -84.22197857793515
30.396100417600938 -84.2209779091261
30.395138326793198 -84.2201755284685
30.395381104941695 -84.22042563088618
30.397107475640105 -84.22192622159127
30.39564185418385 -84.22061319290371
30.397278330134945 -84.22219719290052
30.39678377660577 -84.22160316425007
30.39654099328869 -84.22130093976465
30.397431200499035 -84.22244732197399
30.3949135193811 -84.21986288597897
30.39630721470946 -84.22110294588612
30.394634775349534 -84.21959194784725
30.394436950858825 -84.21936268567745
30.395839668879418 -84.22079034525512
30.39629874633541 -84.22516795056532
30.395067137177595 -84.22584562951934
30.393673522908696 -84.22491820182131
30.39453672293114 -84.2260228956126
30.395741391784952 -84.22561622527212
30.395471689082402 -84.22569964895415
30.396020081379643 -84.22550153063348
30.393880339842035 -84.2252517003474
30.39490531905284 -84.22592903645281
30.393925332271706 -84.22561649265658
30.3963796181694 -84.22480313002016
30.396145785266906 -84.22410482081456
30.396280684819327 -84.22446960676194
30.394572562270262 -84.22491806303016
30.39461749134586 -84.22472002089293
30.395516506286594 -84.22451142025304
30.394446699152002 -84.22493892823503
30.394203945325533 -84.22482431418602
30.39573224973548 -84.22429250253796
30.395336692257665 -84.22445933385161
30.395849150850054 -84.22451136751292
30.395498595406938 -84.22511595705365
30.394779388542148 -84.2253349480037
30.39562444191068 -84.22494916967581
30.394257918723188 -84.22509530034273
30.394356847010396 -84.22539754869746
30.39584018608937 -84.22473025268553
30.394680454160824 -84.22498058384598
30.395885178784894 -84.2250846290322
30.396011038366186 -84.2250324945458
30.39444677052931 -84.22557472433712
30.394806378239917 -84.22550171075962
30.395453618448887 -84.22489708102125
30.395624417854194 -84.22474070942452
30.395543565001674 -84.22527229526393
30.394617583422068 -84.22553300749391
30.394689464699717 -84.22515777198161
30.395381666293353 -84.22464694046054
30.391255345247384 -84.22715942263159
30.390239277717463 -84.22567956993586
30.39002350940642 -84.22569002397525
30.39011341220663 -84.22567958838341
30.39787247415019 -84.22938912891698
30.38651736847047 -84.22676400768961
30.386499373957868 -84.22662852361586
30.386490373980205 -84.22653472650217
30.386364555719133 -84.22700373496188
30.3865713552357 -84.22721214839767
30.386553351921467 -84.22698286576212
30.386562351579073 -84.22707666297754
30.40039894004618 -84.23168202934114
30.395894474860036 -84.22807604053592
30.3948783733389 -84.22616876779605
30.399571831035626 -84.23179675754794
30.399544815080052 -84.23110881337058
30.399319988373634 -84.23017072720366
30.397548814909225 -84.22932662476589
30.397980494285527 -84.23122361166256
30.397809586462916 -84.22996241427015
30.39586770922519 -84.23060884219754
30.394806822341447 -84.23032752519349
30.394797802977457 -84.2299418778799
30.394312196352466 -84.22842018846134
30.394779759131378 -84.22914973762137
30.394788781651673 -84.22954580771406
30.394770736308732 -84.22876409052337
30.39416844448656 -84.22954587409592
30.39476170680451 -84.22831590597326
30.393952531696485 -84.22787824370681
30.394303158011315 -84.22788862307357
30.393215338490933 -84.22808679028802
30.392891692794617 -84.22818063424347
30.392550092883397 -84.22857673758857
30.39265800619571 -84.22891025125035
30.39276591780698 -84.22923334294124
30.39361097105425 -84.22871210991816
30.39315245558623 -84.22864962640088
30.39419539040412 -84.22923318540536
30.39429436759335 -84.23029630731821
30.393952732632467 -84.23029634125155
30.393934788589075 -84.2308070618227
30.39312565751749 -84.23086967443558
30.394364998094478 -84.21917508906472
30.390778738390523 -84.22602343322922
30.389816742795368 -84.2258047005826
30.38715540799615 -84.22424177081372
30.396811666185584 -84.23013971017929
30.40089338601546 -84.23128589138776
30.39961675902858 -84.23142150998235
30.400443839449434 -84.23088983746999
30.399625698254304 -84.2306710215434
30.400902388047786 -84.23146309137452
30.40043487385706 -84.23125466171572
30.400911354925196 -84.23110868897848
30.389583008251954 -84.22595064769547
30.38955601347368 -84.22573178190459
30.389574004418765 -84.22582558058285
30.38941216717556 -84.22573180291019
30.394177094933145 -84.22590829562293
