30.3998670158417 -84.2156107812453
30.403348637871524 -84.2095987351694
30.4036063489775 -84.20988462780058
30.403177579187453 -84.20989737430688
30.40017038243741 -84.20956634501432
30.399855984355572 -84.21017469580006
30.400548696213907 -84.21021601139068
30.400662095253885 -84.21022467227688
30.39888849553707 -84.21061691796027
30.398875564975036 -84.21022495193341
30.398569057312802 -84.21023398148033
30.39842504544865 -84.21099115243054
30.398112561255807 -84.21049994323269
30.398138638581678 -84.21067986694864
30.397790523848553 -84.21069498148616
30.39813187760726 -84.21030961900897
30.396994444741942 -84.20984270973852
30.397605672539985 -84.21172404487113
30.398359379260935 -84.21196019628994
30.398688069234403 -84.21163583317875
30.396340613005126 -84.21084472011191
30.396154002737706 -84.21156735440091
30.396276240908772 -84.2118926401058
30.396282343011364 -84.21097159778041
30.395915398569514 -84.21024065661946
30.39495508136379 -84.21180614622587
30.39541742082847 -84.21208851863364
30.396463681973817 -84.21194421540874
30.39390013401782 -84.21458091100385
30.39454692354611 -84.21340518152546
30.393309478270062 -84.2126752297704
30.393078877699573 -84.21090533540097
30.392891752765678 -84.2118868540649
30.391591889842694 -84.21218579430742
30.392349670690628 -84.2127105371678
30.389142929353902 -84.2107710662916
30.38882684660576 -84.21443044058772
30.38961739521614 -84.21435994102859
30.389493949414742 -84.2108278480529
30.385809000302544 -84.21546186765663
30.385862910337334 -84.21425581353485
30.386150912782846 -84.21449865595193
30.385536182221426 -84.21295247749944
30.38544681991187 -84.21123562890429
30.387082444247447 -84.21574787990461
30.38798743334824 -84.21490166409406
30.387256306514534 -84.21428385808358
30.38735955636368 -84.21314807034298
30.38740060541817 -84.21206036962323
30.387426897674104 -84.21239435481732
30.387325735913162 -84.21146810706064
30.38715503336177 -84.20985424482889
30.38724673585047 -84.21023391383353
30.386007579535832 -84.21089820007765
30.38635578700271 -84.21139164441573
30.386072816030914 -84.21283171551221
30.386393722322097 -84.21277529093338
30.386105182863833 -84.2133825106046
30.386019837634368 -84.2122292514688
30.395240139514648 -84.21272488496672
30.397422104131287 -84.2161191714613
30.397438104905998 -84.21651798185488
30.399061948603126 -84.21628962015602
30.398986836340463 -84.21580407623895
30.401006677806112 -84.21590458964573
30.40097363325751 -84.21542012491388
30.4037293886761 -84.2096659770194
30.403726794388103 -84.20980646145892
30.401415527853846 -84.20972272307533
30.401403707970626 -84.20953147940044
30.4012055587028 -84.20995500842119
30.401197788414372 -84.20981885017027
30.4024512238738 -84.21017342815247
30.402441112148068 -84.21005990550526
30.400795183509683 -84.20973599403553
30.400714127449923 -84.20952996875124
30.399574500484732 -84.20955735536072
30.399570461579007 -84.20982537735371
30.3995252674777 -84.21066496032256
30.399440124050855 -84.21037586974897
30.39894751870769 -84.20961606335564
30.398967614317392 -84.20986534653926
30.39735092815397 -84.21116834631344
30.397231204393858 -84.21120260707262
30.397168523985485 -84.21032005275345
30.3971556735315 -84.21017226731281
30.397000880459704 -84.21101212317588
30.397104291953244 -84.21099342469266
30.397234741496266 -84.21068534729415
30.397133702021033 -84.21070830434279
30.39743228461356 -84.21168124774539
30.397393217016976 -84.21179457216081
30.39799337691843 -84.21236671298907
30.397944313620513 -84.21222825061601
30.396058216101316 -84.21141532616339
30.395948134015402 -84.2114103968354
30.396354066081937 -84.21068750718814
30.396399049701017 -84.21067683612704
30.394644644617923 -84.21112957976575
30.394921556064222 -84.21113804721732
30.39453922229161 -84.21207430902349
30.394799648394166 -84.21212172337691
30.3942795339465 -84.21245291588164
30.394004494107286 -84.21240691934372
30.394784423136596 -84.21424602575429
30.39442248890664 -84.21418313320913
30.393594174995854 -84.21130371390649
30.393861950878836 -84.21134527083049
30.392608233210233 -84.21325517592955
30.392985737503352 -84.213155428496
30.392356546854852 -84.2113081044108
30.39279821758859 -84.21132948263114
30.387879427113173 -84.21234320137519
30.38801344355775 -84.21265779634503
30.38772776044218 -84.21008276691789
30.388853406432727 -84.2103913119222
30.38907942671182 -84.2145054766989
30.389230001411498 -84.21428560014668
30.386631548528317 -84.21439146917055
30.386353082342684 -84.21432642100703
30.385931246211225 -84.21257225084555
30.385679307608985 -84.21259349020136
30.385880129680856 -84.21146046543146
30.385578396282718 -84.21149512161549
30.386261478887757 -84.21533493483643
30.386161682016304 -84.21551096285764
30.38783568652222 -84.21403834152291
30.388010543126708 -84.21432522060961
30.387327333681657 -84.21376304641618
30.387460742084603 -84.2140524470982
30.38703704382763 -84.21270058974956
30.387092889189123 -84.21304977185258
30.386987659204078 -84.21161099517448
30.387074543623154 -84.21195588607806
30.386322956650897 -84.2108323005005
30.386369694045637 -84.21058200719577
30.386380971551816 -84.2133834525927
30.386469830434457 -84.2135971311701
30.39424762330113 -84.21889722990349
30.395417302872723 -84.21687973145227
30.402973107790128 -84.21114854510516
30.402836410781006 -84.2111674866041
30.403124226513714 -84.21138262822943
30.395503102298473 -84.21143407858071
30.395580264474432 -84.21159745874793
30.39584443488372 -84.21160439488911
30.39637154793316 -84.21102055179483
30.396407981883822 -84.21115788040612
30.396353002589258 -84.21122646638105
30.396340832582606 -84.21133091397523
30.39637717014507 -84.21141904503993
30.396325758244423 -84.21150592843817
30.392667939070478 -84.20963499431174
30.393031250729575 -84.20970306722862
30.39315655330443 -84.20952483112374
30.389526101631 -84.21331172079627
30.389859938161937 -84.21346942153367
30.389895420968465 -84.21376855704908
30.38707278792007 -84.21045505757071
30.387183147717074 -84.21084015709857
30.387385792715477 -84.21088847691077
30.387482832620137 -84.2112271019514
30.396441386149544 -84.21682944892994
30.399515868222487 -84.21554663799316
30.399668702968302 -84.21553617628734
30.39807758220431 -84.2165163625905
30.39759211770248 -84.21661028830331
30.39676503110656 -84.21677725649153
30.3971875666739 -84.2167041937855
30.397672908827467 -84.21593275891392
30.397250375593977 -84.21601624850663
30.40023508803092 -84.21548391690898
30.4000283011936 -84.21544227487924
30.399111325682675 -84.21568224327152
30.399983496860788 -84.21624489395154
30.39935419938524 -84.21641182156779
30.40071153979551 -84.21527532620802
30.398670794477304 -84.21567192960399
30.40118816598839 -84.21600485801908
30.401259938063717 -84.2151917984761
30.401763384311902 -84.21510828126067
30.398104418963012 -84.21577630343607
30.396099769548876 -84.21693376059301
30.40068473243421 -84.21616133498667
30.398787830731333 -84.21655788524183
30.403488374044624 -84.20957277614731
30.403065968984667 -84.2101983361688
30.402832437460088 -84.21117824295013
30.403308558932864 -84.20954156066753
30.40351540294891 -84.20982294024881
30.403191791776347 -84.21001066900668
30.40364121796959 -84.20960400013585
30.403057281368397 -84.21156385742708
30.40324603659187 -84.21136574977136
30.403668244421276 -84.2098437407668
30.403281647934982 -84.20980216481338
30.403839071458947 -84.20988538357948
30.402481689716907 -84.21062588798254
30.40259860666159 -84.21081348044986
30.403794059476557 -84.20962480033789
30.403605366503772 -84.21008350906905
30.402715518733267 -84.21098022582821
30.40353348832641 -84.21028158436917
30.40306612561395 -84.21089673119774
30.403452612423912 -84.21044839055212
30.403236906017955 -84.21072989910311
30.403344758129077 -84.21058393306501
30.40269726518626 -84.20977107419242
30.402796094426073 -84.20948960158996
30.40291296953677 -84.20948956507993
30.402904044228524 -84.20977101019373
30.402679221736676 -84.20950006186492
30.40280514750417 -84.20976061702333
30.402562344204686 -84.20948967460951
30.402481495750852 -84.20977114097307
30.402589380468562 -84.20977110758282
30.40245445948712 -84.20948970831061
30.402373611033152 -84.2097711743632
30.402256735922307 -84.20977121053566
30.402346577190844 -84.20950016574116
30.40222969965887 -84.20948977852076
30.402040966486897 -84.20977127731513
30.402013927801654 -84.20947942222783
30.402148851204604 -84.20977124392547
30.402121814941307 -84.2094898122214
30.40145652584966 -84.20949002003883
30.401258802283536 -84.20977151938588
30.40172630272692 -84.20977137470085
30.40183418504488 -84.20976091763667
30.40134864355333 -84.20950047736152
30.401573403381605 -84.20950040717784
30.401114955993258 -84.20977156390381
30.40136668460152 -84.20976106237224
30.401483559712357 -84.20976102618862
30.40110590051758 -84.20949012956198
30.401591446829794 -84.20977141643719
30.401897057534306 -84.20950030611223
30.4019240889763 -84.20976088980261
30.40124075883575 -84.20950051104946
30.40168128809917 -84.20950037348946
30.40178917039548 -84.20948991613082
30.401600560868943 -84.21031344345384
30.401285885316437 -84.21026142100955
30.401438665111694 -84.21001120729032
30.40113299174454 -84.21001130114101
30.401591499414575 -84.21000073671553
30.40174433847887 -84.21001111343847
30.40128582604743 -84.2100008305994
30.401133048632673 -84.2102614675433
30.401438722000197 -84.21026137447551
30.401744404802862 -84.21030297606796
30.402202921921962 -84.21033410780099
30.402041021452888 -84.21001102234587
30.40220284852962 -84.21001097265854
30.402346751709594 -84.21026109800269
30.402041087777274 -84.2103028858619
30.401897241486648 -84.21030292959831
30.401897175162457 -84.21001106651211
30.402346694820057 -84.21001092849176
30.402499531503643 -84.21001088156424
30.4024995742156 -84.21019850899103
30.4007193208741 -84.20952152098427
30.40063840733592 -84.20952154623232
30.400728385862823 -84.2098446484428
30.40054850098506 -84.20951115074791
30.400206870884297 -84.20953210438847
30.400116969370835 -84.20954255592333
30.400287782003783 -84.2095216556396
30.400467592285125 -84.20953202306256
30.4003776859351 -84.20952162758661
30.399352781118093 -84.20952194738481
30.39995514471147 -84.20955302985799
30.400206940666525 -84.20983438592482
30.40003606066587 -84.20956342811955
30.399433699492764 -84.20954276897555
30.39986523836312 -84.20954263441695
30.39969441847576 -84.20953226423345
30.399784322407086 -84.20953223619071
30.399523675574375 -84.20985544379292
30.39961350493758 -84.20953228947182
30.399613579505843 -84.20985541604777
30.399523598587592 -84.20952189408604
30.399838417840297 -84.21019932092835
30.399568727299712 -84.21029321411291
30.39939792631426 -84.2103662299675
30.399748521000912 -84.21023061871419
30.39965862415405 -84.21026191644239
30.399928319406172 -84.21018887002792
30.400018220971198 -84.2101784191082
30.39982040623501 -84.21006382143383
30.3994788304379 -84.21032451172577
30.400278947105132 -84.21019918652581
30.400117115295956 -84.2101783889151
30.400530649669882 -84.21007402729354
30.400440781274316 -84.21023040773153
30.40018904080779 -84.21018879045575
30.4003598630085 -84.21020958535698
30.40052169717521 -84.2102408066057
30.400683526613754 -84.21025118085346
30.400602610713666 -84.21024078195356
30.400701467139818 -84.21007397495835
30.399047196690212 -84.209907707728
30.398849328772272 -84.20956379789936
30.398903352787862 -84.20991817540455
30.398516689056112 -84.20958474818836
30.398696494504318 -84.2095742688613
30.39901115584867 -84.20956374747588
30.398912445083255 -84.21036637725028
30.398912505956478 -84.210637384692
30.398714740570327 -84.21074167756699
30.398921390638474 -84.21016833060511
30.3985438436658 -84.21038733572179
30.398786647439817 -84.21066869257592
30.398669821034684 -84.21088761775295
30.398705623569988 -84.21017881984177
30.39853481083213 -84.21019971863613
30.39903848237327 -84.21113766893349
30.399191279994067 -84.21096042609419
30.398858711056363 -84.21130449578112
30.399389043240326 -84.21084570973872
30.399631749053135 -84.21068928568923
30.398409145679643 -84.21109616164512
30.398166293994162 -84.21059591586115
30.397824744837074 -84.21098167883964
30.39807636902476 -84.2105021334582
30.397743757173426 -84.21064815924576
30.39824737114738 -84.21133594524926
30.398085401426204 -84.21068974969134
30.3979325531001 -84.21063767925752
30.398094302820866 -84.21029366251169
30.397770765521337 -84.21081492300267
30.398094557172076 -84.2114402228564
30.39838220653634 -84.21124209591781
30.398202175739534 -84.2102415132662
30.398013677541794 -84.21159659552202
30.39772569434297 -84.21028335137072
30.398148273413728 -84.21041872548643
30.39821128783439 -84.21078352151973
30.3978787239411 -84.21114843486089
30.397725734319543 -84.2104605463913
30.39721346226374 -84.21127370953806
30.39772554892954 -84.20964753394507
30.39718646366484 -84.21114863932156
30.39699767227364 -84.2111799645591
30.396898601716128 -84.21038783446683
30.397096451193796 -84.21065877691359
30.397204130176572 -84.20975192777435
30.397132496066675 -84.21103400034784
30.397069654612476 -84.21145094566945
30.39689863453902 -84.21053375854241
30.396943674778303 -84.21092982479955
30.39724046074355 -84.21139877982368
30.398175061355413 -84.2096161244158
30.397069360170526 -84.21012720352431
30.396916673534378 -84.21079433187327
30.39704231029856 -84.20978324737406
30.397347966857133 -84.20971019044802
30.398022227083253 -84.20962659522297
30.397222194482808 -84.2101167336034
30.396889480806205 -84.2098145640918
30.397869392810247 -84.20963706599723
30.39709642318884 -84.21053369888119
30.39713246841908 -84.21090892226917
30.39708739997265 -84.21038777723548
30.396898664872225 -84.21066925946982
30.396979668571742 -84.21107573829468
30.397033658957962 -84.21129460873898
30.397114457546728 -84.21077342639704
30.397204591547478 -84.21182614077073
30.3976091458108 -84.21176348474265
30.39743822209382 -84.21127364344306
30.397285270376162 -84.21075252891119
30.397267250007385 -84.21057534010558
30.397366262362535 -84.21110689342277
30.39735710706542 -84.21036684908128
30.39770801318326 -84.21163837734062
30.39739338309306 -84.21179481671544
30.39725821274058 -84.2103668790811
30.397501240888644 -84.21166970701421
30.39732126898457 -84.21091928923789
30.398562111784017 -84.2116902459901
30.39821154903827 -84.21198219968072
30.398400318317115 -84.2118466425178
30.39777106628626 -84.21220121410299
30.397950922491294 -84.21243047466615
30.398705919757745 -84.21151300750184
30.398031765584967 -84.21209690721494
30.398831841529816 -84.21177355465947
30.398490288913166 -84.21215931614996
30.398067786652234 -84.21237832531483
30.39610769837976 -84.21152418824995
30.39633229101972 -84.21076323732008
30.3962964284625 -84.2112114406953
30.39641329213924 -84.21115929076998
30.395909957008026 -84.21174312980264
30.39638637792714 -84.21141987607315
30.396071862073804 -84.21210789009632
30.39589192668217 -84.21151382810436
30.396413174322245 -84.21062771284971
30.396386256542215 -84.21086745211183
30.39590986663852 -84.21132620809111
30.39613455552158 -84.21100302705017
30.396134710106743 -84.21171179558992
30.396242659587998 -84.2120140336198
30.396269167595428 -84.20991898658572
30.39646740385008 -84.2119410075141
30.396395156130293 -84.2104609487434
30.39629649211543 -84.21150328704807
30.396368367582156 -84.21128438114157
30.396305372992234 -84.21100297634635
30.39644916148848 -84.21074235614033
30.395927808617078 -84.21114901105362
30.396350448030248 -84.21156580985128
30.396314333396724 -84.21086747356068
30.396080371726374 -84.20992946778262
30.395945752660023 -84.21098223699764
30.39637729843881 -84.21101337808992
30.396089681326277 -84.21135742449975
30.396287463153147 -84.21132609725844
30.39646695146806 -84.20989807947655
30.395990625842906 -84.21062783989791
30.39596369185687 -84.21079461678337
30.396008564533407 -84.21044021953239
30.39487633565543 -84.2130462954167
30.39509185584401 -84.21185801895334
30.395136996836957 -84.21275438059253
30.395532281492393 -84.21137843393453
30.3948222787543 -84.21249389518023
30.394992775586132 -84.21100336595623
30.39534362692454 -84.21204556012006
30.395460178643436 -84.21056546141219
30.395639911326267 -84.21023187078879
30.39504662756206 -84.2105968548692
30.395460264514767 -84.21095111221943
30.394885081265247 -84.21187892438647
30.3948671316442 -84.21202485060383
30.3949479150137 -84.21142029690417
30.394965854836805 -84.21123267868684
30.395064556807906 -84.21036754450078
30.394840206908576 -84.2122437398293
30.39548741525091 -84.21177452101745
30.395487470997175 -84.2120350959605
30.395019700572547 -84.21079489899485
30.394920986782306 -84.21161834060271
30.395514162919227 -84.21075305916895
30.395433608003998 -84.21241033911328
30.396512459571586 -84.21243088063561
30.393959014708106 -84.21161862006953
30.393896698390932 -84.21463083564386
30.393860332813407 -84.21261923991453
30.393905179517198 -84.2121189315276
30.39435508202504 -84.21398449820686
30.394301213460714 -84.21435973593489
30.394066681702963 -84.21062841834534
30.39401284799284 -84.21111830806007
30.394192362863024 -84.20981539746188
30.39328523347394 -84.21402647414965
30.39445352898423 -84.21181651128042
30.394507378937917 -84.21138915709935
30.394372888586492 -84.21311939447376
30.394561225195726 -84.21095137954826
30.394354815297785 -84.21267121571417
30.39459710790326 -84.21059699016321
30.394588715326364 -84.21340075345472
30.39443563480524 -84.21222300900219
30.394444921552704 -84.21366136478312
30.39462467901019 -84.21341116656907
30.394813742612858 -84.21475567262252
30.394840647224555 -84.21441170900344
30.394849586587576 -84.21415113340558
30.393006340268737 -84.21307807953532
30.393132258933147 -84.2133386135134
30.392655596163483 -84.2125049278943
30.39257486300695 -84.2133804563734
30.39299681791791 -84.21059747179002
30.392844165270564 -84.21143133504128
30.39333890302824 -84.21268192266665
30.39350945436807 -84.21143114049745
30.392925005829955 -84.2110977842023
30.393212967719226 -84.21234842969854
30.393069079580865 -84.21215043835686
30.39280830489175 -84.21190036759158
30.393149405018036 -84.20950303722712
30.393095554037778 -84.2098991182797
30.391315626051004 -84.21065009049839
30.391513772412978 -84.212296797737
30.392592056094106 -84.20974293306391
30.39140567964265 -84.21132753003629
30.39135176453073 -84.21145261654443
30.39173851462829 -84.21221335322473
30.392214867151427 -84.21156701349587
30.39196332496217 -84.21245300960258
30.39127038860905 -84.20939939826613
30.39221474178799 -84.21099376782502
30.392421093054065 -84.20911762573328
30.393706838377927 -84.20962793692028
30.393491382223896 -84.21101423436538
30.39235001156567 -84.21293234310161
30.390282253243303 -84.2130892525922
30.389769960752023 -84.2138814952058
30.38991378627496 -84.21377723272218
30.390560890990162 -84.21277650166512
30.388906999801637 -84.21447579677206
30.389491465686163 -84.21494465023322
30.38821437670302 -84.21267293321505
30.389113674463022 -84.21394420454726
30.389680189806533 -84.21455897382387
30.38863687727348 -84.21244352516804
30.38888819188262 -84.21052575212816
30.389130993036925 -84.21079665921444
30.387944686551123 -84.21277723057555
30.38931978433708 -84.21076533576722
30.38881705518975 -84.21426737453332
30.38888815199754 -84.21034857313559
30.389752037680914 -84.21417332681762
30.389526614223538 -84.21099456585779
30.389068023096307 -84.21062992101771
30.389365477344306 -84.21430891948248
30.389491083665124 -84.21301651398623
30.389931039957645 -84.21035867905705
30.38943721786305 -84.21339173356607
30.38910480867013 -84.21457996827364
30.386237284118376 -84.21680060269888
30.386453079254665 -84.2169464599498
30.386659896541172 -84.21716527434538
30.385967335716707 -84.21549791894569
30.385742585594805 -84.21555008509326
30.385742631924913 -84.21580021209233
30.387190212077783 -84.21649813517718
30.38575167576796 -84.2160920247253
30.385877592202032 -84.21637338719394
30.385760331662436 -84.21432028929284
30.38572448490823 -84.21491435025423
30.385733530719698 -84.21520616275102
30.38572442884168 -84.2146225354767
30.386012070820538 -84.21436191108815
30.385868158995503 -84.21402844573537
30.386192034873776 -84.21517478039613
30.386254829718535 -84.214455645517
30.38617399061918 -84.21484128082676
30.386137978872277 -84.21458074007435
30.38629072394346 -84.2141117095643
30.38551731697685 -84.21295507969697
30.385571344526124 -84.21337194236682
30.385481518215393 -84.21375757828984
30.385589209993952 -84.21280915260529
30.385535138881053 -84.21219427338451
30.385625229527893 -84.2130905351332
30.38559812654181 -84.21245480404762
30.385562050179484 -84.21191287335799
30.385481167765207 -84.2120588036391
30.385489893060633 -84.2108394351104
30.385445028436223 -84.21123548172963
30.385498757282324 -84.21027664808973
30.385507993066064 -84.21138137026949
30.38548084455456 -84.21057888953641
30.385417876686514 -84.21042257963059
30.3855259122294 -84.21109997275612
30.385517042230152 -84.2116523379243
30.386183116809402 -84.21556039687496
30.38697461966262 -84.21750912977431
30.387837408917946 -84.21588307076634
30.386210164909304 -84.21597727045572
30.38686672958313 -84.21747788837096
30.3881250727032 -84.21572666657362
30.389059982158223 -84.21523658563055
30.388484667197496 -84.21561193248044
30.38879032117543 -84.21550763335259
30.38844853811945 -84.21472605046958
30.38733387745131 -84.21550799841745
30.38820584341379 -84.21496582433916
30.387558594323153 -84.2152786547382
30.387837259091015 -84.21508056277497
30.38708219092375 -84.21574776983968
30.387873000187035 -84.21394453538406
30.386749258597046 -84.21423665287821
30.388160764639792 -84.21430923623578
30.387423515554694 -84.21412183158651
30.387261727346484 -84.21431989472912
30.38667739641626 -84.21454933357991
30.387144835902888 -84.21423654858194
30.387909086357663 -84.21458027934382
30.387432623672954 -84.21472631323924
30.38763927265684 -84.21405924147982
30.386668561050048 -84.21536225636967
30.387396383785926 -84.21331933436159
30.38694683865358 -84.2131943920601
30.387414421441182 -84.21360072713894
30.387495212074658 -84.21299622085849
30.3872165312724 -84.21310051903296
30.387171712155336 -84.21375712437921
30.386875004125123 -84.21363213910888
30.387432118471036 -84.21222500000607
30.38753993668972 -84.21191230484268
30.387252264134517 -84.21200618661167
30.386955601118856 -84.21210007039437
30.38777366010502 -84.21178717155347
30.38805232411194 -84.21160991360587
30.387495097330888 -84.21244384716546
30.386919755734954 -84.21265245110176
30.38741417503747 -84.21240218143758
30.38718045757284 -84.21255857912969
30.387692861876378 -84.2123291475589
30.387953559074273 -84.21221442959235
30.387404954666238 -84.21132870401784
30.38714413696778 -84.21089105199535
30.38760272736868 -84.21125569088659
30.387117289328653 -84.21145385368949
30.387431815674113 -84.21082843346251
30.387333065558376 -84.21148505703886
30.386874575837737 -84.21157898954942
30.38763845195713 -84.21019261994685
30.387710334768325 -84.21001542115012
30.386334823626015 -84.21009921940609
30.385930279621856 -84.21020356298106
30.387197889493716 -84.21004684474048
30.387269738550764 -84.20972373694103
30.385921359796015 -84.21051622503956
30.38677531243078 -84.20992190944553
30.387161994156116 -84.21033867483148
30.38684734450409 -84.2104013028025
30.385930403786695 -84.21075592782583
30.38700903634522 -84.209807194469
30.38744068456407 -84.21028647953503
30.38748549114646 -84.20965071507788
30.385966550632286 -84.2116000976115
30.386452031865954 -84.2115999565154
30.385939516021434 -84.21130829003228
30.386164184110292 -84.2108913439127
30.38593945883849 -84.2110477405524
30.386406852716313 -84.21056818870392
30.386316939435062 -84.2105265277045
30.386433973970792 -84.21124561265515
30.386353092298368 -84.21139154479108
30.386388946249653 -84.21090169898733
30.386461441846873 -84.21361140663312
30.38602083664855 -84.21323633403166
30.38648826440526 -84.21288185670504
30.385984658543016 -84.21219414547505
30.386461368042777 -84.21324663541127
30.386434173789922 -84.21217317349931
30.386002744297297 -84.21269439568493
30.38600280250427 -84.21297578930645
30.386443243147927 -84.21254836412517
30.38603887868251 -84.21353856681242
30.386245624022372 -84.2133717586277
30.386227532229725 -84.21282981900927
30.385984711265106 -84.21244427309206
30.386209409540626 -84.21215239348743
30.394867840673726 -84.21557907028598
30.39527182020649 -84.212597998361
30.394605930523714 -84.20985696129884
30.39552364824784 -84.21306696282333
30.394203126084797 -84.21889370631764
30.392528999796895 -84.20921139576971
30.392916171742826 -84.21181695477509
30.39351903293586 -84.21427655891148
30.395370465762422 -84.21143059627282
30.396332534574793 -84.21187850772138
30.39633226777362 -84.21065900644174
