30.401340547371124 -84.23171812663357
30.401650549215788 -84.23174831308842
30.401266785773068 -84.23079982488966
30.40314848767203 -84.21697203023359
30.40722509471539 -84.21822290878508
30.401582279180854 -84.22048595432712
30.4020094438788 -84.21891447193764
30.40136380107239 -84.21959240403314
30.401169214378026 -84.21944459354856
30.40539285473896 -84.22011367856109
30.406872163013944 -84.22112929959796
30.40736261114113 -84.22043375717226
30.40770164023236 -84.22201879477717
30.407938317996017 -84.21897672207473
30.407604361916555 -84.22257055129131
30.40758588531328 -84.22311838159604
30.40701197212491 -84.22311208147484
30.40759325920121 -84.22388552268266
30.408177721579587 -84.22434647098333
30.40550611438145 -84.22507123977458
30.406347207143668 -84.22515456679164
30.40775156602163 -84.2243088146641
30.40946259158667 -84.22238430386648
30.41020261153733 -84.22261206238946
30.409858541611985 -84.2226201803471
30.410065515892065 -84.22115833316694
30.410764995810283 -84.2212469033255
30.41065333243369 -84.22117116683383
30.41020882832523 -84.22060825971492
30.409629016416574 -84.21995920777444
30.40951068392274 -84.21962115704237
30.409920666256557 -84.2197699087376
30.410167900909087 -84.21894616659911
30.410336753957406 -84.21893243023827
30.41054591664666 -84.21883108779849
30.41102318735415 -84.21940043965074
30.410737272645186 -84.21899973416724
30.410732303217376 -84.21910753939761
30.41117495440288 -84.22067909158044
30.411616080254912 -84.22090023461396
30.41127291428767 -84.22037209789899
30.4115050372747 -84.21975909532145
30.411057939367048 -84.221781131802
30.411118500879404 -84.22189923792826
30.41106671007313 -84.2227099770254
30.400661466121374 -84.22381129665543
30.402755880999496 -84.22651669121385
30.402359797326376 -84.22637935187016
30.402483819094368 -84.22446590797071
30.401154639663545 -84.22483765383343
30.401241922771423 -84.23055475883015
30.40514807352109 -84.21799237178031
30.40501521744053 -84.21870752175909
30.405975043851317 -84.2197934421612
30.406006945036125 -84.22002489453973
30.40774960902276 -84.21949271143656
30.407374831606734 -84.21945440087336
30.407328908950284 -84.2216621071088
30.407628672553614 -84.22169879018749
30.406647054909126 -84.22487011600391
30.406671901537973 -84.22477249685701
30.40718428359764 -84.22479522308589
30.407130825763517 -84.22470761840486
30.406881433233536 -84.22519896077516
30.406867311528952 -84.22504075033348
30.407607682146114 -84.22465001413917
30.407501020511827 -84.2245672515179
30.40735501668698 -84.224287774653
30.407469971333185 -84.22430508724324
30.402979635142163 -84.22480367491008
30.404585899336173 -84.22396980016696
30.405842476213696 -84.2246052295781
30.40556028625716 -84.22477166275908
30.407095490507654 -84.22531812516539
30.407115718300695 -84.22575504324809
30.410614202305265 -84.22172582891649
30.410674987996785 -84.22167429785131
30.41040215210732 -84.22142876782098
30.410365866960376 -84.2216112659796
30.410546618272523 -84.22121805939729
30.41054460197125 -84.22135841772848
30.41072971607454 -84.22072212002827
30.4107841071451 -84.22067438577292
30.409979538364404 -84.22032653259356
30.410009364323862 -84.2205532378888
30.40935712623048 -84.21885961961112
30.409371031915484 -84.21897210731073
30.410208902130893 -84.21932112495662
30.40989054280048 -84.21942064171454
30.41051436186083 -84.21946177090203
30.410411622738327 -84.21955083143804
30.400936711721013 -84.2244664492855
30.401026623479595 -84.22447661961434
30.400959952387698 -84.22479904393161
30.401058999925535 -84.22474755779714
30.40218232078963 -84.22499639801251
30.402034228253125 -84.2252627486773
30.402638815781682 -84.21559854228333
30.402392246419634 -84.21510636784242
30.40243324007414 -84.21601388588562
30.407166406691935 -84.21995765087455
30.407296437436912 -84.22003787697736
30.40715832814291 -84.21968698944455
30.40727705564584 -84.22063675855009
30.407147129755977 -84.22069208412351
30.407099960387686 -84.22100759428743
30.406369647075564 -84.22457143621513
30.406432702122977 -84.22463599567247
30.406519135904396 -84.2246023573398
30.410968565552132 -84.22283370620377
30.410710479316485 -84.22277794956781
30.410658410304784 -84.22260694198728
30.41016848869029 -84.22166588760672
30.4102249783783 -84.22161624588782
30.410102102452424 -84.22163346272154
30.410049730971227 -84.22167948539374
30.406358071207173 -84.22439256343355
30.406279822828512 -84.2243775252225
30.406242167269337 -84.22426129819887
30.406277882952104 -84.22421090320829
30.40625263960655 -84.22413298782186
30.401360919387148 -84.23179660729183
30.40136990256847 -84.23168194665394
30.40150475913416 -84.23169235880944
30.401666595371715 -84.23183827624833
30.401684568325802 -84.23171319083433
30.401208075481417 -84.23168196043535
30.401100144665026 -84.23098358862919
30.401252963944238 -84.23073340780326
30.405180394829888 -84.21888091019373
30.40421809845441 -84.21695269124892
30.40295038845105 -84.21658815758678
30.40482975268017 -84.21877674606631
30.406196327681418 -84.21899535604949
30.40658278030339 -84.2181717625291
30.40240169828625 -84.2150872711128
30.405225196075868 -84.21796358521519
30.40785053497663 -84.2188386354857
30.40717625546687 -84.2188387815974
30.40753574289887 -84.21805688239795
30.40708623192535 -84.21810910458201
30.402042255263208 -84.2160150718932
30.402527770639345 -84.21620258015722
30.401602508073175 -84.22076836462233
30.40223154577342 -84.21888154783196
30.401251783338637 -84.22010132242852
30.401071818374895 -84.21909027046455
30.4019440578194 -84.22019499457717
30.401898879354388 -84.2187461118898
30.401818076983695 -84.21944451561359
30.401251685455787 -84.21946548203792
30.40143163666356 -84.22040357112974
30.404192027443127 -84.22283179228242
30.40546828892633 -84.22017343178912
30.40530639179781 -84.21971480663079
30.40540531816369 -84.21992326721482
30.405872951093706 -84.22080922013306
30.40675404447584 -84.22104880360291
30.4055582288387 -84.22041316720697
30.40634947526254 -84.22103845795445
30.406079751389626 -84.22095511729546
30.406565244707135 -84.22103841606032
30.407185589375587 -84.22109041684422
30.405243418531217 -84.21945421872792
30.405648166777382 -84.22064247898416
30.40697880581783 -84.2210591842107
30.406870956940203 -84.22130938624049
30.406106591085912 -84.22006906088944
30.40577389064865 -84.21970428543071
30.40729341032661 -84.2206525771257
30.405926787958315 -84.22010036992127
30.406583147657823 -84.22050677928704
30.405710927136138 -84.21950624082055
30.406888824130146 -84.22052756670156
30.406286463124275 -84.22049641435616
30.40704167007891 -84.22059008161217
30.40643031096815 -84.22050680979412
30.40673598589439 -84.22051717297808
30.406726859443776 -84.21962069380096
30.407302338628533 -84.22023560499399
30.4072932493767 -84.2195893028307
30.40741025456192 -84.22044406856494
30.40691564473935 -84.21953726066252
30.406439235645344 -84.22006899300104
30.40674490744183 -84.22005850641705
30.407311297479772 -84.22002711798015
30.406592072334824 -84.22006896180876
30.406897744131292 -84.22005847520806
30.407041588843946 -84.22004802160382
30.406286398955878 -84.22006902419311
30.40616945342961 -84.2196103859813
30.40732017815382 -84.21931826641662
30.40729339183814 -84.220527486032
30.404515726131123 -84.22317572611297
30.407733965597068 -84.22082970303057
30.404641612902132 -84.22334248802733
30.407626258941246 -84.22209106370364
30.40767117222517 -84.22180959940968
30.407796714650527 -84.2196100462263
30.40786899956713 -84.22209101918739
30.40786856743777 -84.2191617854838
30.407823648386564 -84.21937028136372
30.407751981164065 -84.2210694585564
30.40771608930084 -84.22155940776562
30.407509492189572 -84.22290417904736
30.407563354452105 -84.2222995609778
30.407518449776408 -84.2226539947087
30.407527511982313 -84.22320648010178
30.40707796142532 -84.22296680000201
30.406997066730625 -84.22311275328181
30.407069003242434 -84.22321698318349
30.407113854363175 -84.22244558179568
30.407014975311487 -84.2225602660818
30.40714975382616 -84.22198690866118
30.407041968535232 -84.22272704896125
30.407257567493915 -84.22147610031517
30.40727558623097 -84.22174712755844
30.40709584272071 -84.22221625181935
30.40655675456369 -84.22489536410498
30.406916382256533 -84.22499955065976
30.40743777924237 -84.22460334817906
30.407168068655825 -84.22461381494674
30.406754526356742 -84.2247493947084
30.406260014310092 -84.2244054750566
30.406412891399484 -84.224749448059
30.407311836368894 -84.22395706391356
30.40752763739274 -84.22421763553838
30.406385873621023 -84.224353334153
30.407248966251363 -84.22447828690787
30.407329833640897 -84.22409257636238
30.406313934256634 -84.22421783168326
30.40732092478225 -84.22478057903949
30.407509625027984 -84.22395703142075
30.40623302571853 -84.22425954133794
30.40652075787172 -84.2245930685806
30.406907365467585 -84.2247702192741
30.40660168238722 -84.22468687347167
30.406206038225378 -84.22412403184175
30.407518631906452 -84.2240925456085
30.407329848733525 -84.2242176675034
30.406295935850153 -84.2240718964696
30.407033224923353 -84.2247180784947
30.4067275804148 -84.22496830706719
30.40750968025861 -84.22441569978231
30.406313978818716 -84.22459310120263
30.407132143348242 -84.2249265478322
30.40638588846515 -84.22447842408491
30.407311884162205 -84.22435318578712
30.40615227103016 -84.22564596447474
30.40823791815243 -84.22455110023077
30.407231137515907 -84.22582301817295
30.406125319098937 -84.2258231787033
30.408130073446355 -84.22489512075506
30.408282829202015 -84.22420708912435
30.40799524843609 -84.22516617426676
30.405576841944946 -84.22524993420727
30.405378982768443 -84.22463494492156
30.405549842426694 -84.22499976055843
30.40542398404506 -84.2250623242406
30.406970420595187 -84.22586475291584
30.407186122403377 -84.2252496911451
30.406430917589553 -84.22514556355165
30.407599628191917 -84.2247909598949
30.406979343350063 -84.22524972237743
30.40680852704164 -84.22526017238398
30.40773438486786 -84.22395699449679
30.40599933450343 -84.22475993676007
30.405828445471002 -84.2241553655296
30.407743416834805 -84.22430099511436
30.407842307422264 -84.22426970626671
30.407320961834905 -84.22510373112462
30.40773444133537 -84.22442608821895
30.405855436668812 -84.22432214682365
30.40746479388414 -84.22497861786853
30.405909418429008 -84.22465570968835
30.40768951026343 -84.22460330849033
30.40627806906576 -84.22504134530394
30.406125218066393 -84.22491627911604
30.406619725261866 -84.225228928322
30.409334507899192 -84.22264324764481
30.40928062267361 -84.22308108497162
30.40938842393385 -84.22244517290872
30.40943331807348 -84.22201776089045
30.409433253002362 -84.22154865900883
30.40773403471924 -84.22130922105362
30.4104762796003 -84.2225804971098
30.41017063234191 -84.22277861837414
30.40993685736883 -84.2225910178781
30.410260511537114 -84.22259096017594
30.410143630886516 -84.2225492827645
30.409909752632906 -84.22161111619587
30.410368397641385 -84.22260136552782
30.410584165705394 -84.22259090247304
30.40981098909348 -84.22257019126442
30.410053613485122 -84.22171533463187
30.410098549437116 -84.22160065608453
30.409828997386324 -84.22277867862522
30.410701035287378 -84.22254918314925
30.41067394337197 -84.22166309537842
30.410404230109776 -84.22165272143717
30.41075486418139 -84.22171520332044
30.41051211774341 -84.2216735503691
30.41022441640678 -84.22161105693895
30.4102783631434 -84.22164232050996
30.4101794862415 -84.22176743389302
30.410620018418065 -84.22178820086357
30.41036819917103 -84.22116277264912
30.41024233515652 -84.22117322150253
30.4104761180662 -84.2214025175812
30.410044570304198 -84.2213400524608
30.4101434333451 -84.22112111775934
30.409873718540474 -84.22110032083762
30.410583973097854 -84.2211940048519
30.41036823186712 -84.22139211354244
30.410592991705457 -84.22139207071146
30.410790756623754 -84.22122523892114
30.41046709349984 -84.22116275357126
30.41078179587144 -84.221433733254
30.410682868919082 -84.2212044104252
30.410035550120952 -84.22113156316787
30.410781683010157 -84.22065188598877
30.409981527216345 -84.22057907271797
30.41022427861227 -84.2206519964347
30.41062884939045 -84.22067276550031
30.41084462343367 -84.22070399670346
30.410089413479696 -84.22058947581739
30.410736750938668 -84.22078741502591
30.40984662469293 -84.22026636362793
30.409756550067097 -84.21916138259745
30.409504907166884 -84.21972435898599
30.409567868757485 -84.2199119869295
30.40948681668919 -84.21902592175941
30.409621838106457 -84.22008919244081
30.41004441335002 -84.22026632365706
30.409621756424986 -84.21955754261685
30.40941485839621 -84.2188070230385
30.409801526753608 -84.21931774088746
30.409289031360984 -84.21904681318365
30.40991845236515 -84.21964087681138
30.409747673436573 -84.21989110090055
30.409405962547904 -84.21940122053742
30.409244040920417 -84.21880706011088
30.41013430629966 -84.22019333356087
30.409468924600112 -84.21958884808251
30.409873477691413 -84.21949494271855
30.40996342848084 -84.21979723558147
30.410116122518172 -84.21889026731678
30.410278030715446 -84.21940103657582
30.41018808233053 -84.21911959223766
30.410224065381644 -84.2192551039661
30.41042191601609 -84.21965119643332
30.410583596061393 -84.21872337250639
30.41033191200994 -84.21901531565685
30.410080132338297 -84.2187130576515
30.410152105805892 -84.21902577886087
30.410295932062738 -84.21890065302372
30.41034098140622 -84.21951569371434
30.4105027823664 -84.21934886616
30.410502701048383 -84.21883806074109
30.410601701190775 -84.21950521440932
30.411042212525658 -84.21939045070906
30.410736491356108 -84.21908820109077
30.410826519059132 -84.21988045409336
30.41082655241546 -84.22009937142771
30.41100628350591 -84.21959895138228
30.410745466776316 -84.21899437752869
30.4105926150471 -84.21890058891701
30.41089835147264 -84.21929665928634
30.410826415150947 -84.21921327745628
30.410808604619838 -84.22031829238647
30.410664574841604 -84.21912991496438
30.411599846958204 -84.22091234181663
30.411258127418133 -84.22033905114164
30.411213212668784 -84.22058925242295
30.411491784127943 -84.21972394642147
30.41160880994432 -84.22072469512615
30.41143794152441 -84.2203807137378
30.410710055955988 -84.22277852323914
30.411635638461043 -84.21977604015798
30.411222184512788 -84.22046415450914
30.411195250312087 -84.22071435208946
30.4116537908341 -84.2209227559951
30.411249110373365 -84.22016183339036
30.41106062456076 -84.2223510503402
30.4110695424285 -84.22181939100685
30.41127633012422 -84.22188190060446
30.411078568642864 -84.22208000588053
30.41121351526004 -84.22275758509197
30.4111144784712 -84.22170471131408
30.41104267715867 -84.22260124538407
30.4110516509193 -84.22247614787362
30.411024750954006 -84.22301823483474
30.411114460984265 -84.22157961532525
30.41106959667174 -84.2222155281228
30.411096532300512 -84.22195490661474
30.411024716995122 -84.22275761843044
30.411141413086206 -84.2214440895453
30.40078500261131 -84.2256154825819
30.40052409047748 -84.22396860238597
30.401720079274817 -84.22632415396863
30.400461207957935 -84.22438555386138
30.40289778234238 -84.22595915645542
30.4020886929924 -84.22639706827366
30.400677097202692 -84.22542787453895
30.40288882064536 -84.22623017622963
30.400649930373515 -84.22376011075185
30.40287981597333 -84.22609466826871
30.401899888232762 -84.22633455247457
30.402277493416705 -84.22641788942424
30.402780970472662 -84.22656375227973
30.400524217150096 -84.22504222653055
30.400533106154384 -84.22417707163704
30.402601158327183 -84.22652208198728
30.402448315201585 -84.2264595606333
30.402951696583834 -84.22569855383894
30.400524193240155 -84.22483375582264
30.400596162706975 -84.2252402628349
30.40154027140195 -84.22632417914474
30.402915750820412 -84.22584449217354
30.40135146660766 -84.22626166383728
30.40086593657106 -84.22580309495953
30.40045224340812 -84.22460444938046
30.402987644476898 -84.22557346299352
30.40299661991449 -84.22543795227519
30.402088461749134 -84.2243227515064
30.40219634895942 -84.22434358161748
30.402825708542533 -84.22461449904289
30.4029695899073 -84.22491676647779
30.40303256522611 -84.22529201367011
30.402915628284358 -84.22474999415849
30.402322219434044 -84.22438525635062
30.402690840385056 -84.22451028262005
30.40256496748285 -84.22444776006229
30.402430134883573 -84.22464583257263
30.402439097028036 -84.2244060851451
30.4030505236829 -84.2250939586672
30.401629929143272 -84.22413519934017
30.40141414959663 -84.22405184534412
30.401863689424257 -84.22421855079908
30.401090482727422 -84.22394766223196
30.401971580400225 -84.22427065181674
30.401531029770165 -84.224093520832
30.401315247657134 -84.22398931977278
30.401746810545887 -84.22418729868564
30.400991584571845 -84.22391640772898
30.40119836872426 -84.22395806810891
30.401342422919626 -84.22576133121088
30.401099628260663 -84.22527145754675
30.40106356804379 -84.22441672834691
30.400946754931535 -84.22494834959801
30.401630120029903 -84.22580298388512
30.40120753850276 -84.22550076066163
30.400883776181118 -84.22455226349275
30.401135553197484 -84.22494832050418
30.402025702973756 -84.22585504486463
30.401072579344753 -84.22459392800903
30.400892743129166 -84.22435421415122
30.401099572402185 -84.22478154849713
30.40090178011523 -84.224750308587
30.401836901335532 -84.22582380118008
30.40160308092469 -84.22518799242356
30.401818857410735 -84.22525050174356
30.40207959165359 -84.22536512308707
30.402493155558094 -84.22541717984761
30.40239433471681 -84.22609473738683
30.402421279170525 -84.22584456383825
30.402421292593687 -84.2259696486926
30.402484184722162 -84.2255943848476
30.402466217596373 -84.22571947241146
30.402439194570693 -84.22525040806526
30.40214247249706 -84.22490647050098
30.402025593782284 -84.22487521747523
30.402367254950548 -84.22510448667741
30.401926693439716 -84.22482311436399
30.402250367969124 -84.22500026730559
30.401818805098735 -84.22479186010709
30.401710916750332 -84.22476060591923
30.401324331034164 -84.22477108985684
30.401594035575094 -84.22470850590683
30.401477161671448 -84.22471894784161
30.404703679063253 -84.2175258956554
30.40449684974169 -84.21723407237934
30.402842323460415 -84.21559792409514
30.410242245543305 -84.22055817171855
30.400911302733707 -84.2303686150282
30.407752263808707 -84.22314389560938
30.401152791127487 -84.21946550282895
30.40536039790273 -84.22013175748516
30.40775219725368 -84.22263310457514
30.405549877773964 -84.22531248271142
30.4012799202497 -84.23052493292242
30.40146874288513 -84.2308688946038
