30.4013614 -84.2317987
30.4013658 -84.2316858
30.4015092 -84.231696
30.4016648 -84.2318415
30.4016877 -84.2317172
30.4008915 -84.2316925
30.4010591 -84.2318024
30.4010618 -84.2316794
30.4012043 -84.2316863
30.4008998 -84.2308861
30.4011005 -84.2309829
30.401249 -84.2307338
30.4051782 -84.2188848
30.4042158 -84.2169586
30.4029531 -84.2165936
30.4048338 -84.2187788
30.4061952 -84.2189987
30.4065865 -84.2181804
30.402403 -84.2150881
30.4052306 -84.2179741
30.407848 -84.2188445
30.4071815 -84.2188492
30.4075334 -84.2180586
30.407084 -84.2181145
30.4020442 -84.2160256
30.4025279 -84.2162029
30.4016079 -84.2207679
30.4022366 -84.218885
30.4012501 -84.2201098
30.4010776 -84.2190967
30.4019443 -84.220197
30.4019014 -84.2187476
30.4018177 -84.2194509
30.4012505 -84.2194702
30.4014353 -84.2204086
30.4041908 -84.2228407
30.4054723 -84.2201775
30.4053086 -84.2197224
30.4054055 -84.2199244
30.4058702 -84.2208099
30.4067573 -84.2210506
30.4055612 -84.2204231
30.4063467 -84.2210486
30.4060853 -84.2209561
30.4065677 -84.221048
30.4071876 -84.2210915
30.4052479 -84.219458
30.405651 -84.2206436
30.4069811 -84.2210633
30.4068763 -84.2213138
30.4061096 -84.2200776
30.4057719 -84.2197095
30.407297 -84.2206604
30.4059259 -84.2201077
30.4065882 -84.2205168
30.405716 -84.2195083
30.4068909 -84.2205343
30.4062848 -84.2205054
30.4070407 -84.2205986
30.4064358 -84.2205129
30.40674 -84.2205224
30.4067315 -84.2196305
30.4073038 -84.2202392
30.4072987 -84.2195998
30.4074074 -84.2204531
30.4069202 -84.2195474
30.4064404 -84.2200756
30.4067458 -84.2200642
30.4073098 -84.2200379
30.4065902 -84.2200749
30.406895 -84.2200629
30.4070453 -84.2200582
30.4062907 -84.2200755
30.4061726 -84.2196123
30.4073176 -84.2193237
30.4072993 -84.2205356
30.4045185 -84.2231843
30.4077362 -84.2208354
30.4046418 -84.2233437
30.4076277 -84.2220913
30.4076723 -84.2218184
30.4077942 -84.2196182
30.4078724 -84.2220947
30.4078708 -84.2191717
30.407827 -84.2193734
30.4077532 -84.2210718
30.407714 -84.2215623
30.4075099 -84.2229066
30.4075606 -84.2223088
30.4075178 -84.2226543
30.4075308 -84.2232121
30.4070766 -84.2229673
30.4069972 -84.2231175
30.4070689 -84.2232195
30.4071155 -84.2224483
30.4070117 -84.2225663
30.4071554 -84.2219901
30.4070437 -84.2227314
30.4072625 -84.2214806
30.4072748 -84.2217517
30.4070945 -84.2222205
30.4065613 -84.2248956
30.4069193 -84.2250024
30.4074427 -84.2246066
30.4071693 -84.2246157
30.4067524 -84.2247561
30.4062592 -84.2244056
30.4064157 -84.2247587
30.4073149 -84.2239628
30.4075293 -84.2242209
30.4063836 -84.2243534
30.4072477 -84.2244873
30.4073265 -84.224097
30.406319 -84.2242172
30.4073232 -84.2247873
30.4075147 -84.2239595
30.4062366 -84.2242635
30.406519 -84.2245947
30.4069067 -84.2247738
30.4065993 -84.2246955
30.4062092 -84.2241295
30.4075216 -84.2240951
30.4073284 -84.2242237
30.4062967 -84.2240785
30.4070376 -84.2247233
30.4067327 -84.2249755
30.407513 -84.224417
30.4063144 -84.2245933
30.4071329 -84.2249303
30.4063888 -84.2244849
30.4073097 -84.2243623
30.4061531 -84.2256491
30.408242 -84.2245556
30.4072343 -84.2258237
30.406127 -84.2258281
30.4081317 -84.2248976
30.4082842 -84.224212
30.4079995 -84.2251672
30.4055772 -84.2252506
30.4053842 -84.2246435
30.4055517 -84.2250069
30.4054205 -84.2250664
30.4069696 -84.2258688
30.4071865 -84.2252569
30.4064323 -84.225149
30.4075976 -84.2247905
30.4069767 -84.2252532
30.4068119 -84.2252635
30.4077342 -84.2239582
30.4059999 -84.2247653
30.4058254 -84.2241546
30.4077434 -84.2243057
30.4078457 -84.2242719
30.4073246 -84.22511
30.4077356 -84.224427
30.4058548 -84.2243284
30.407468 -84.2249788
30.4059109 -84.2246631
30.4076904 -84.2246034
30.4062774 -84.2250436
30.4061283 -84.224918
30.4066214 -84.2252302
30.4093386 -84.2226503
30.4092805 -84.223086
30.4093903 -84.2224488
30.4094357 -84.222024
30.4094378 -84.2215509
30.4077369 -84.2213135
30.4104799 -84.2225818
30.4101697 -84.2227864
30.4099341 -84.2225918
30.410263 -84.2225924
30.4101455 -84.222559
30.4099147 -84.2216129
30.4103719 -84.2226024
30.410589 -84.2225952
30.4098127 -84.2225726
30.4100586 -84.221717
30.4101003 -84.2216034
30.4098341 -84.2227797
30.4107066 -84.2225496
30.4106713 -84.2216723
30.410404 -84.2216633
30.4107549 -84.221724
30.4105156 -84.2216788
30.4102274 -84.2216126
30.4102819 -84.2216491
30.410179 -84.221775
30.4106237 -84.2217919
30.4103706 -84.2211671
30.4102449 -84.2211759
30.4104796 -84.2214089
30.4100447 -84.2213492
30.4101424 -84.2211258
30.409877 -84.2211098
30.4105835 -84.2212036
30.4103652 -84.2213945
30.410595 -84.2213985
30.4107915 -84.2212321
30.4104716 -84.2211737
30.4107827 -84.2214399
30.4106851 -84.2212076
30.4100383 -84.2211328
30.4107866 -84.2206624
30.4099844 -84.2205841
30.410226 -84.2206588
30.4106305 -84.2206798
30.4108498 -84.2207066
30.4100938 -84.2205979
30.4107416 -84.2207916
30.4098469 -84.2202692
30.4097619 -84.2191673
30.4095096 -84.2197352
30.4095713 -84.2199134
30.4094853 -84.2190322
30.4096261 -84.2200907
30.4100449 -84.2202736
30.4096264 -84.2195591
30.4094191 -84.2188136
30.4098051 -84.2193264
30.4092884 -84.2190506
30.4099216 -84.2196503
30.4097463 -84.2198925
30.4094068 -84.2194074
30.4092427 -84.2188158
30.410133 -84.2201987
30.4094686 -84.219593
30.4098716 -84.2195018
30.4099625 -84.2198033
30.4101152 -84.2188985
30.4102775 -84.2194025
30.4101878 -84.2191294
30.4102294 -84.2192631
30.4104202 -84.2196606
30.4105817 -84.2187304
30.4103329 -84.2190183
30.410082 -84.2187168
30.4101511 -84.2190339
30.4102934 -84.2189028
30.4103396 -84.219522
30.410502 -84.2193557
30.4105075 -84.2188458
30.4106005 -84.2195068
30.4110407 -84.2193957
30.41074 -84.2190994
30.4108308 -84.2198851
30.4108276 -84.2201098
30.4110117 -84.2196085
30.4107447 -84.2189982
30.4105921 -84.2189077
30.4109044 -84.2193009
30.4108276 -84.2192191
30.410811 -84.2203194
30.4106628 -84.219141
30.411597 -84.2209143
30.4112575 -84.2203485
30.4112156 -84.2205994
30.4114924 -84.2197334
30.411606 -84.2207335
30.4114371 -84.2203897
30.410708 -84.2227884
30.4116382 -84.2197778
30.4112208 -84.2204662
30.4111925 -84.2207187
30.4116583 -84.2209336
30.41125 -84.2201679
30.4110601 -84.2223539
30.4110747 -84.221823
30.4112817 -84.2218907
30.4110764 -84.2220833
30.411219 -84.2227659
30.4111139 -84.2217056
30.4110402 -84.2226099
30.4110528 -84.222482
30.4110303 -84.2230261
30.4111191 -84.2215834
30.4110666 -84.2222176
30.4110985 -84.2219607
30.4110254 -84.2227583
30.4111459 -84.2214516
30.4007866 -84.2256144
30.4005241 -84.223976
30.401719 -84.2263266
30.4004639 -84.2243873
30.4028992 -84.2259631
30.4020878 -84.226397
30.4006736 -84.2254335
30.4028866 -84.2262373
30.4006524 -84.2237661
30.4028788 -84.2260966
30.4019018 -84.2263415
30.4022786 -84.2264237
30.4027854 -84.2265681
30.4005279 -84.2250463
30.4005362 -84.2241854
30.4026027 -84.2265222
30.4024476 -84.2264586
30.4029508 -84.2257043
30.4005265 -84.224832
30.400594 -84.2252436
30.4015428 -84.2263264
30.4029134 -84.2258441
30.4013538 -84.2262639
30.4008657 -84.2258053
30.4004569 -84.2246112
30.402989 -84.2255755
30.4029971 -84.2254389
30.4020852 -84.2243211
30.4021995 -84.2243471
30.4028251 -84.2246201
30.4029712 -84.224916
30.4030336 -84.225296
30.4029162 -84.2247576
30.4023205 -84.2243933
30.4026907 -84.2245152
30.4025624 -84.2244504
30.4024322 -84.2246445
30.4024379 -84.2244061
30.4030474 -84.2251016
30.4016332 -84.2241439
30.4014186 -84.2240546
30.4018625 -84.2242251
30.4010913 -84.2239501
30.4019696 -84.2242791
30.4015309 -84.2241016
30.4013152 -84.2239979
30.4017477 -84.2241938
30.4009889 -84.2239173
30.4012019 -84.2239656
30.4013465 -84.2257668
30.4011012 -84.2252758
30.4010662 -84.2244212
30.4009501 -84.2249556
30.4016264 -84.2258062
30.4012094 -84.2255058
30.4008861 -84.2245536
30.4011342 -84.2249482
30.4020301 -84.22586
30.4010763 -84.2245969
30.4008893 -84.2243533
30.4011026 -84.2247869
30.4009008 -84.2247521
30.4018332 -84.2258258
30.4016082 -84.2251921
30.4018213 -84.2252563
30.4020783 -84.2253649
30.402493 -84.225418
30.4023909 -84.2261008
30.4024263 -84.2258442
30.4024191 -84.2259732
30.4024817 -84.2255929
30.4024631 -84.2257239
30.4024362 -84.2252486
30.4021428 -84.2249089
30.4020292 -84.2248741
30.4023643 -84.2251128
30.4019251 -84.2248257
30.4022502 -84.2249988
30.4018172 -84.224799
30.401712 -84.2247654
30.401321 -84.2247762
30.4015945 -84.2247151
30.4014755 -84.2247211
30.4047074 -84.2175272
30.4044997 -84.2172383
30.4028403 -84.2156023
30.4102478 -84.2205679
30.4009109 -84.2303672
30.4077498 -84.223152
30.4011565 -84.2194715
30.405364 -84.2201409
30.4077529 -84.222633
30.4055547 -84.2253167
30.4008978 -84.2312827
30.401277 -84.2305242
30.4014729 -84.2308691
30.4008989 -84.231462
30.4009075 -84.2311054
