30.3964439 -84.2168383
30.3995205 -84.2155472
30.3996728 -84.2155419
30.3980816 -84.2165224
30.3975918 -84.2166101
30.3967635 -84.2167805
30.3971932 -84.2167088
30.3976795 -84.2159377
30.3972493 -84.2160256
30.4002396 -84.2154839
30.4000307 -84.2154479
30.3991134 -84.2156909
30.399985 -84.2162448
30.3993603 -84.2164191
30.4007104 -84.2152848
30.3986721 -84.2156733
30.4011907 -84.216012
30.4012582 -84.2152022
30.4017692 -84.2151139
30.3981048 -84.2157841
30.3961029 -84.2169333
30.4006874 -84.2161644
30.3987914 -84.2165623
30.4034909 -84.2095816
30.4030706 -84.2102061
30.4028339 -84.2111846
30.4033127 -84.2095457
30.4035152 -84.2098316
30.4031966 -84.2100139
30.4036434 -84.2096114
30.4030612 -84.2115731
30.4032519 -84.21137
30.4036677 -84.2098529
30.4032862 -84.2098048
30.4038432 -84.2098904
30.4024846 -84.2106322
30.4026017 -84.2108186
30.4037951 -84.2096272
30.4036061 -84.2100934
30.4027156 -84.2109822
30.4035339 -84.2102872
30.4030688 -84.2108984
30.4034562 -84.2104518
30.403241 -84.2107369
30.4033467 -84.2105942
30.4027028 -84.2097744
30.4027963 -84.209501
30.4029168 -84.2094974
30.4029058 -84.2097736
30.4026806 -84.2095023
30.4028127 -84.2097717
30.4025674 -84.2094985
30.4024813 -84.2097751
30.4025907 -84.209774
30.402457 -84.2094988
30.4023728 -84.2097745
30.4022596 -84.209773
30.4023463 -84.2095044
30.4022354 -84.2095013
30.4020406 -84.2097748
30.4020133 -84.2094895
30.4021502 -84.2097821
30.4021243 -84.209499
30.4014616 -84.2094963
30.4012663 -84.2097764
30.4017323 -84.2097738
30.4018385 -84.2097728
30.4013534 -84.2095057
30.4015743 -84.2095064
30.4011142 -84.2097766
30.4013721 -84.2097673
30.4014875 -84.209768
30.4011105 -84.2094921
30.4015964 -84.2097739
30.401904 -84.2095057
30.4019275 -84.2097667
30.4012406 -84.2095044
30.4016809 -84.2095054
30.4017932 -84.2094954
30.4016009 -84.2103211
30.4012903 -84.2102722
30.4014407 -84.210021
30.4011352 -84.2100222
30.4015963 -84.2100113
30.4017467 -84.2100189
30.4012902 -84.2100102
30.4011342 -84.2102628
30.4014424 -84.2102655
30.4017461 -84.210305
30.4022053 -84.2103425
30.4020479 -84.2100188
30.4022052 -84.2100198
30.4023533 -84.2102668
30.4020474 -84.2103045
30.4018976 -84.2103144
30.4018967 -84.2100224
30.402351 -84.210019
30.4025047 -84.2100145
30.4025037 -84.2102004
30.4007223 -84.2095239
30.4006378 -84.2095235
30.4007357 -84.2098514
30.4005517 -84.2095215
30.4002104 -84.2095404
30.4001248 -84.2095471
30.4002957 -84.209531
30.4004698 -84.2095368
30.4003823 -84.2095318
30.3993569 -84.2095325
30.3999542 -84.2095541
30.4002111 -84.2098366
30.4000405 -84.2095741
30.3994405 -84.2095497
30.3998692 -84.2095448
30.399698 -84.2095371
30.399784 -84.2095383
30.3995239 -84.209861
30.399613 -84.2095383
30.3996134 -84.2098651
30.3995271 -84.2095303
30.3998381 -84.2102057
30.3995728 -84.2103005
30.3994027 -84.2103736
30.3997498 -84.2102339
30.3996597 -84.2102643
30.3999341 -84.2101952
30.4000259 -84.2101825
30.3998195 -84.2100683
30.3994865 -84.2103299
30.4002785 -84.2102086
30.4001169 -84.2101819
30.4005363 -84.2100759
30.4004409 -84.2102359
30.4001946 -84.2101922
30.4003608 -84.2102204
30.4005211 -84.2102485
30.4006877 -84.2102593
30.4006054 -84.2102521
30.4007041 -84.2100834
30.3990527 -84.2099159
30.3988543 -84.2095748
30.3989071 -84.2099279
30.3985234 -84.2095895
30.3987039 -84.2095788
30.3990144 -84.2095722
30.3989162 -84.2103748
30.3989138 -84.210645
30.3987202 -84.2107522
30.3989208 -84.2101729
30.3985472 -84.2103929
30.3987923 -84.210672
30.3986773 -84.2108931
30.3987056 -84.2101858
30.3985361 -84.2102019
30.3990451 -84.2111404
30.3991915 -84.2109635
30.3988612 -84.2113054
30.3993886 -84.210852
30.3996344 -84.2106932
30.398408 -84.2111014
30.3981691 -84.2106057
30.397824 -84.210982
30.3980767 -84.2105071
30.3977443 -84.2106504
30.3982478 -84.211337
30.3980907 -84.2106943
30.3979319 -84.2106386
30.3980933 -84.2102975
30.3977745 -84.210816
30.3980935 -84.2114439
30.3983829 -84.2112431
30.3982081 -84.2102474
30.3980191 -84.2116012
30.3977287 -84.210286
30.3981508 -84.2104283
30.3982179 -84.2107889
30.3978774 -84.2111513
30.3977299 -84.2104653
30.3972202 -84.211276
30.3977276 -84.2096499
30.397188 -84.2111552
30.3970006 -84.2111812
30.3969014 -84.2103981
30.3970965 -84.2106618
30.3972061 -84.2097599
30.3971335 -84.2110405
30.3970731 -84.2114607
30.3969021 -84.2105385
30.3969455 -84.2109342
30.3972407 -84.2114049
30.3981811 -84.209617
30.3970721 -84.2101374
30.3969236 -84.2107969
30.3970492 -84.2097887
30.3973505 -84.2097183
30.3980226 -84.2096284
30.3972266 -84.2101261
30.3968919 -84.2098189
30.3978734 -84.2096405
30.3970994 -84.2105352
30.3971371 -84.2109168
30.3970885 -84.210395
30.3969005 -84.2106713
30.3969832 -84.2110769
30.3970353 -84.2113042
30.3971178 -84.2107837
30.3972073 -84.2118276
30.3976102 -84.2117641
30.3974446 -84.2112754
30.3972912 -84.2107607
30.3972736 -84.2105754
30.3973689 -84.2111128
30.3973644 -84.2103727
30.3977119 -84.2116482
30.3973922 -84.2117983
30.3972623 -84.2103703
30.3975009 -84.2116759
30.3973216 -84.2109293
30.3985686 -84.2116924
30.3982159 -84.2119871
30.3984031 -84.2118567
30.3977756 -84.2122013
30.3979518 -84.2124324
30.3987103 -84.2115154
30.3980365 -84.2121068
30.3988357 -84.2117807
30.3984937 -84.2121663
30.3980677 -84.2123871
30.3961145 -84.2115264
30.3963387 -84.2107646
30.3962998 -84.2112141
30.3964169 -84.2111627
30.3959168 -84.2117514
30.3963883 -84.211423
30.3960706 -84.2121101
30.3958912 -84.2115213
30.3964153 -84.2106302
30.3963915 -84.2108757
30.3959088 -84.2113267
30.3961344 -84.2110112
30.3961334 -84.2117168
30.3962458 -84.2120236
30.3962729 -84.2099266
30.3964737 -84.2119505
30.3963962 -84.2104665
30.3963028 -84.2115062
30.3963757 -84.2112906
30.3963046 -84.2110124
30.3964506 -84.21075
30.3959299 -84.211151
30.3963566 -84.2115698
30.3963198 -84.2108678
30.3960855 -84.2099371
30.395952 -84.2109823
30.3963787 -84.2110184
30.3960961 -84.2113582
30.3962919 -84.2113338
30.3964683 -84.2099017
30.3959948 -84.2106333
30.3959712 -84.2108035
30.3960125 -84.2104497
30.394883 -84.2130529
30.3950932 -84.2118616
30.3951427 -84.2127573
30.3955338 -84.2113779
30.3948218 -84.2124957
30.3949988 -84.2110064
30.3953446 -84.2120448
30.3954667 -84.2105727
30.395646 -84.2102355
30.3950506 -84.210597
30.3954644 -84.2109534
30.3948889 -84.2118795
30.3948712 -84.2120313
30.3949504 -84.2114207
30.3949698 -84.2112378
30.3950716 -84.2103735
30.394841 -84.2122433
30.3954874 -84.2117833
30.395487 -84.2120438
30.3950266 -84.2108016
30.394925 -84.211619
30.3955219 -84.2107587
30.3954326 -84.2124193
30.3965152 -84.2124317
30.3939641 -84.2116206
30.3938976 -84.2146306
30.3938628 -84.2126271
30.3939109 -84.2121223
30.3943597 -84.213987
30.3943069 -84.2143616
30.3940733 -84.2106301
30.3940121 -84.2111204
30.3942001 -84.20982359999999
30.3932904 -84.214035
30.394458 -84.2118211
30.3945132 -84.2113926
30.394376 -84.2131242
30.3945639 -84.2109521
30.3943574 -84.2126727
30.3946026 -84.2106001
30.3945882 -84.2134053
30.394436 -84.2122266
30.3944436 -84.2136645
30.3946229 -84.2134139
30.3948206 -84.2147636
30.3948467 -84.2144195
30.3948534 -84.2141512
30.3930103 -84.2130851
30.3931347 -84.2133392
30.3926569 -84.2125059
30.3925759 -84.2133869
30.3930003 -84.2106045
30.3928449 -84.2114355
30.393344 -84.2126895
30.3935112 -84.2114382
30.3929285 -84.2110998
30.3932142 -84.2123559
30.3930757 -84.2121577
30.3928154 -84.2119009
30.3931507 -84.2095065
30.3930988 -84.209908
30.3913202 -84.2106557
30.3915181 -84.2122967
30.3925956 -84.2097501
30.3914098 -84.2113302
30.3913588 -84.2114586
30.3917436 -84.2122161
30.3922196 -84.2115741
30.3919697 -84.2124552
30.3912705 -84.2093979
30.3922156 -84.2110012
30.3924271 -84.2091261
30.3937091 -84.2096371
30.3934975 -84.211022
30.3923519 -84.2129408
30.3902855 -84.213093
30.3897769 -84.2138865
30.3899126 -84.2137772
30.390562 -84.2127836
30.3889063 -84.2144797
30.3894973 -84.2149479
30.3882165 -84.2126774
30.3891196 -84.2139466
30.3896861 -84.2145641
30.3886411 -84.2124506
30.3888874 -84.2105272
30.3891307 -84.2107962
30.3879454 -84.2127804
30.3893275 -84.2107694
30.3888216 -84.2142748
30.3888888 -84.2103545
30.3897552 -84.2141773
30.3895263 -84.2110003
30.3890726 -84.2106297
30.389368 -84.2143111
30.389497 -84.2130214
30.3899312 -84.2103601
30.3894436 -84.2133931
30.3891093 -84.2145789
30.3862352 -84.2167982
30.3864564 -84.2169443
30.3866618 -84.2171665
30.3859692 -84.2155038
30.3857438 -84.2155528
30.3857451 -84.2158019
30.387194 -84.216499
30.3857522 -84.2160894
30.3858805 -84.2163756
30.385764 -84.2143224
30.385728 -84.2149193
30.3857353 -84.2152109
30.385727 -84.214623
30.3860189 -84.214359
30.3858732 -84.2140313
30.38619 -84.2151731
30.3862555 -84.2144611
30.3861762 -84.2148406
30.3861429 -84.2145777
30.38629 -84.2141182
30.385516 -84.21296
30.3855769 -84.2133719
30.3854882 -84.2137593
30.3855941 -84.2128154
30.385538 -84.212195
30.385625 -84.2130957
30.3855983 -84.2124608
30.3855619 -84.2119124
30.3854858 -84.2120552
30.3854912 -84.2108408
30.3854503 -84.2112397
30.3855031 -84.2102766
30.3855084 -84.2113813
30.3854826 -84.2105788
30.3854203 -84.2104239
30.385531 -84.2111026
30.3855165 -84.2116558
30.3861832 -84.2155649
30.3878368 -84.2158839
30.3862119 -84.215974
30.3881257 -84.2157273
30.3890611 -84.2152383
30.3884867 -84.2156093
30.3887914 -84.2155048
30.3884529 -84.214732
30.3873354 -84.2155071
30.3882094 -84.2149651
30.387561 -84.2152837
30.3878383 -84.2150787
30.3870808 -84.2157531
30.3878776 -84.2139513
30.3867487 -84.2142403
30.388166 -84.2143098
30.3874286 -84.2141193
30.3872651 -84.2143179
30.3866785 -84.214547
30.3871459 -84.2142352
30.387909 -84.214586
30.3874355 -84.2147233
30.3876391 -84.2140663
30.3866719 -84.2153624
30.3874002 -84.2133229
30.3869463 -84.2131946
30.3874201 -84.213599
30.3874963 -84.2129941
30.3872192 -84.213103
30.3871735 -84.2137631
30.3868796 -84.2136342
30.387438 -84.2122292
30.3875397 -84.2119142
30.3872577 -84.2120124
30.3869555 -84.2121041
30.3877803 -84.2117897
30.3880511 -84.2116174
30.3874985 -84.2124458
30.3869203 -84.2126516
30.3874134 -84.212404
30.3871849 -84.2125642
30.3876991 -84.2123363
30.3879547 -84.2122146
30.3874122 -84.2113324
30.3871514 -84.2108888
30.3876048 -84.211258
30.387116 -84.2114598
30.3874309 -84.2108257
30.3873392 -84.2114821
30.3868735 -84.2115771
30.3876433 -84.2101953
30.3877098 -84.2100127
30.3863358 -84.2101021
30.3859295 -84.2102057
30.387199 -84.210044
30.387277 -84.2097312
30.3859246 -84.2105226
30.3867798 -84.209922
30.3871614 -84.2103444
30.3868502 -84.2104045
30.3859371 -84.210762
30.3870099 -84.209812
30.3874463 -84.2102916
30.3874901 -84.2096578
30.3859701 -84.2116058
30.3864515 -84.2116036
30.3859446 -84.2113125
30.3861648 -84.2108916
30.3859391 -84.2110475
30.3864143 -84.2105658
30.3863205 -84.210529
30.3864336 -84.2112489
30.3863535 -84.211391
30.3863948 -84.2109085
30.3864622 -84.2136129
30.3860212 -84.213234
30.3864874 -84.2128813
30.3859847 -84.2121995
30.3864644 -84.2132439
30.3864371 -84.2121745
30.3860021 -84.2126969
30.3860032 -84.2129785
30.386444 -84.2125462
30.3860372 -84.2135389
30.3862502 -84.213369
30.3862318 -84.2128276
30.3859874 -84.2124413
30.3862111 -84.2121515
30.3948726 -84.2155804
30.3952783 -84.2126015
30.3946073 -84.2098649
30.3955286 -84.2130665
30.3942048 -84.2188964
30.3925346 -84.2092201
30.3929235 -84.2118216
30.3935253 -84.2142787
30.3953753 -84.211431
30.3963348 -84.2118869
30.3963394 -84.2106637
