30.394219924952516 -84.22860686888868
30.393130374089516 -84.230220976144
30.39317236427818 -84.23079631147671
30.395173134156256 -84.22882581944673
30.395170954640285 -84.23090569100084
30.395302662399725 -84.22810461954894
30.39535034158016 -84.22848815296588
30.395997988273326 -84.23001865155516
30.396110205902094 -84.2295335557181
30.401340547371124 -84.23171812663357
30.401650549215788 -84.23174831308842
30.400940128041153 -84.23164035042804
30.401082983485626 -84.2317077946163
30.400583209601468 -84.23173989635872
30.400963942490037 -84.23099086766759
30.4000964441644 -84.23075918851048
30.40012322881237 -84.23101199886632
30.400373366464773 -84.23171828008117
30.399371222491286 -84.23175435127509
30.399565822364494 -84.23174665272583
30.399587662198787 -84.23024029434772
30.398042469530285 -84.2306038313493
30.398103878075293 -84.23168054693754
30.3978894911058 -84.23168267515543
30.397724192775023 -84.23046928008077
30.39703630355525 -84.23085799041117
30.39566373564043 -84.22970508960564
30.401266785773068 -84.23079982488966
30.4004533082326 -84.23163841873566
30.400499899421153 -84.23140772358052
30.39121734549509 -84.22593774418786
30.390569193159674 -84.22534644133499
30.391365565788583 -84.22643187346998
30.39097139670151 -84.22534226512715
30.39086228459271 -84.22654665233665
30.388868528912592 -84.22638208824823
30.38832335098339 -84.22687078367936
30.39056389804165 -84.2267057792423
30.390050545907098 -84.22630258203398
30.3882633309801 -84.22730305791751
30.38958459008275 -84.22637287003897
30.39110859588738 -84.22702196101538
30.386857391981344 -84.2268868124622
30.387043336203508 -84.22695308971444
30.38844050526277 -84.2257839952611
30.387765353321328 -84.22561104429683
30.386308200090806 -84.22569957169546
30.38673225667049 -84.22566385449521
30.387192979901222 -84.22566222911607
30.38654822250381 -84.22646425271385
30.38847811356451 -84.22554753826113
30.38982676009881 -84.22578208344346
30.389345627429382 -84.22547132085747
30.389743753847203 -84.22543703115794
30.390154757080193 -84.22541908839713
30.395949167939385 -84.2298608595089
30.395803659854515 -84.23053152675162
30.396166497658015 -84.2292967069893
30.38665051166397 -84.22464281059854
30.386335056080817 -84.22467820962784
30.38724030935535 -84.22472490474448
30.387054243265975 -84.22444109242045
30.386553850529502 -84.22326178259965
30.387235851033306 -84.22307682778617
30.387523835801783 -84.22399681371455
30.38979622728455 -84.22273224340778
30.393449121558113 -84.22402617613865
30.394157995247642 -84.22410803351735
30.394273732431643 -84.22289506124251
30.39394241715836 -84.22305795204878
30.393516468065663 -84.22334981018335
30.39260810518113 -84.21995102115054
30.395247346335562 -84.22104111349078
30.394746938895608 -84.22166009294502
30.394757074474835 -84.22262262048447
30.39546631349726 -84.2235890077242
30.395095940161124 -84.2233249148147
30.39692754201603 -84.22270201372395
30.39593639533227 -84.22199677599318
30.396084316542627 -84.22169212660901
30.39444793113943 -84.21949349606896
30.3998670158417 -84.2156107812453
30.40314848767203 -84.21697203023359
30.40722509471539 -84.21822290878508
30.401582279180854 -84.22048595432712
30.4020094438788 -84.21891447193764
30.40136380107239 -84.21959240403314
30.401169214378026 -84.21944459354856
30.395599282292224 -84.2255642073224
30.396244639243434 -84.22504581226475
30.39459668708742 -84.22490640553157
30.394301512613403 -84.22496499030619
30.39552801451826 -84.2249808677382
30.394383768319052 -84.22584471268173
30.394454948583924 -84.22555328909068
30.394764146716792 -84.22546371393196
30.40539285473896 -84.22011367856109
30.406872163013944 -84.22112929959796
30.40736261114113 -84.22043375717226
30.40770164023236 -84.22201879477717
30.407938317996017 -84.21897672207473
30.407604361916555 -84.22257055129131
30.40758588531328 -84.22311838159604
30.40701197212491 -84.22311208147484
30.40759325920121 -84.22388552268266
30.408177721579587 -84.22434647098333
30.40550611438145 -84.22507123977458
30.406347207143668 -84.22515456679164
30.40775156602163 -84.2243088146641
30.40946259158667 -84.22238430386648
30.41020261153733 -84.22261206238946
30.409858541611985 -84.2226201803471
30.410065515892065 -84.22115833316694
30.410764995810283 -84.2212469033255
30.41065333243369 -84.22117116683383
30.41020882832523 -84.22060825971492
30.409629016416574 -84.21995920777444
30.40951068392274 -84.21962115704237
30.409920666256557 -84.2197699087376
30.410167900909087 -84.21894616659911
30.410336753957406 -84.21893243023827
30.41054591664666 -84.21883108779849
30.41102318735415 -84.21940043965074
30.410737272645186 -84.21899973416724
30.410732303217376 -84.21910753939761
30.41117495440288 -84.22067909158044
30.411616080254912 -84.22090023461396
30.41127291428767 -84.22037209789899
30.4115050372747 -84.21975909532145
30.411057939367048 -84.221781131802
30.411118500879404 -84.22189923792826
30.41106671007313 -84.2227099770254
30.400661466121374 -84.22381129665543
30.402755880999496 -84.22651669121385
30.402359797326376 -84.22637935187016
30.402483819094368 -84.22446590797071
30.401154639663545 -84.22483765383343
30.403348637871524 -84.2095987351694
30.4036063489775 -84.20988462780058
30.403177579187453 -84.20989737430688
30.40017038243741 -84.20956634501432
30.399855984355572 -84.21017469580006
30.400548696213907 -84.21021601139068
30.400662095253885 -84.21022467227688
30.39888849553707 -84.21061691796027
30.398875564975036 -84.21022495193341
30.398569057312802 -84.21023398148033
30.39842504544865 -84.21099115243054
30.398112561255807 -84.21049994323269
30.398138638581678 -84.21067986694864
30.397790523848553 -84.21069498148616
30.39813187760726 -84.21030961900897
30.396994444741942 -84.20984270973852
30.397605672539985 -84.21172404487113
30.398359379260935 -84.21196019628994
30.398688069234403 -84.21163583317875
30.396340613005126 -84.21084472011191
30.396154002737706 -84.21156735440091
30.396276240908772 -84.2118926401058
30.396282343011364 -84.21097159778041
30.395915398569514 -84.21024065661946
30.39495508136379 -84.21180614622587
30.39541742082847 -84.21208851863364
30.396463681973817 -84.21194421540874
30.39390013401782 -84.21458091100385
30.39454692354611 -84.21340518152546
30.393309478270062 -84.2126752297704
30.393078877699573 -84.21090533540097
30.392891752765678 -84.2118868540649
30.391591889842694 -84.21218579430742
30.392349670690628 -84.2127105371678
30.389142929353902 -84.2107710662916
30.38882684660576 -84.21443044058772
30.38961739521614 -84.21435994102859
30.389493949414742 -84.2108278480529
30.385809000302544 -84.21546186765663
30.385862910337334 -84.21425581353485
30.386150912782846 -84.21449865595193
30.385536182221426 -84.21295247749944
30.38544681991187 -84.21123562890429
30.387082444247447 -84.21574787990461
30.38798743334824 -84.21490166409406
30.387256306514534 -84.21428385808358
30.38735955636368 -84.21314807034298
30.38740060541817 -84.21206036962323
30.387426897674104 -84.21239435481732
30.387325735913162 -84.21146810706064
30.38715503336177 -84.20985424482889
30.38724673585047 -84.21023391383353
30.386007579535832 -84.21089820007765
30.38635578700271 -84.21139164441573
30.386072816030914 -84.21283171551221
30.386393722322097 -84.21277529093338
30.386105182863833 -84.2133825106046
30.386019837634368 -84.2122292514688
30.395240139514648 -84.21272488496672
30.38647238174236 -84.22656661719692
30.38649973809498 -84.22693643879141
30.401241922771423 -84.23055475883015
30.3948621419954 -84.22889182495607
30.394110637402157 -84.22934358136793
30.400529619164995 -84.23108701532486
30.395203396512628 -84.22973146740216
30.39524625392065 -84.22959978298513
30.39591674838773 -84.23083651086509
30.395779243065387 -84.23099057180059
30.396023868171387 -84.22823309277487
30.395940043955267 -84.22856514033427
30.3964247344738 -84.2297589472539
30.39616124542429 -84.22966913808769
30.399591204983558 -84.23112324166681
30.39965573087325 -84.23104847415827
30.399640919824378 -84.23167966394237
30.39973625523856 -84.23172843085523
30.398401491932887 -84.22969273878665
30.398386390343347 -84.22999248436078
30.397729968897952 -84.2312148591463
30.39766323909398 -84.23150175154063
30.397697714341202 -84.23006620661245
30.397451522927305 -84.22995474012106
30.396705449644433 -84.23026328722786
30.39644220818635 -84.230182085669
30.390844000586217 -84.22567916596823
30.390724489930726 -84.22571316066897
30.391134442971733 -84.22639365886819
30.391260437003087 -84.22631721967413
30.390200819041194 -84.22670757572202
30.39021632858493 -84.22712835257686
30.388026616388174 -84.22599194475958
30.388081149725636 -84.22634686702253
30.38781425591386 -84.22678216057469
30.38779547803228 -84.22647157940315
30.38690082904794 -84.22652123468215
30.386924100474555 -84.22666670526168
30.38672697755179 -84.22601964463404
30.386735234086785 -84.2259596042206
30.387065739779 -84.22575576673296
30.387065170670983 -84.22587849971632
30.3879928156367 -84.22565437930048
30.38800081362687 -84.2258051446216
30.386397703683247 -84.22591117468212
30.386405637873224 -84.22576033359253
30.3894739498405 -84.2256843747338
30.389465965865796 -84.22553357262852
30.390068542090376 -84.22565448919907
30.39005869276599 -84.22550054672728
30.38682847597492 -84.22435226763179
30.386685064168322 -84.22441601561073
30.386376429900317 -84.22293214257944
30.386063599582926 -84.22302882127792
30.386869681200334 -84.22308448036141
30.386881351570004 -84.22323184479632
30.387355064464543 -84.22317350299774
30.387295244256126 -84.2231838274913
30.38743149841992 -84.22352537118155
30.38736487811825 -84.2235654769788
30.388318642074662 -84.2244488601004
30.388341994200452 -84.22431796531205
30.38941525615218 -84.22376856291784
30.389517897381346 -84.22385321040507
30.389631772453615 -84.2230340028589
30.389750533304852 -84.22303553325743
30.39072178499812 -84.22218321991113
30.390734848900426 -84.22247858307814
30.39435697766006 -84.22365589798866
30.394388194658134 -84.22392698538532
30.394694480878194 -84.2228831392245
30.39440374730196 -84.22300125905655
30.39430784813192 -84.22163949186927
30.394153321261946 -84.22172237534339
30.3937408218746 -84.21956469734764
30.393920360209105 -84.21982710976968
30.395025287488863 -84.222575605114
30.39513002813079 -84.22273450444659
30.396861661136505 -84.2218694412224
30.396731657638785 -84.22204119757752
30.397422104131287 -84.2161191714613
30.397438104905998 -84.21651798185488
30.399061948603126 -84.21628962015602
30.398986836340463 -84.21580407623895
30.401006677806112 -84.21590458964573
30.40097363325751 -84.21542012491388
30.40514807352109 -84.21799237178031
30.40501521744053 -84.21870752175909
30.395409431964673 -84.22456894330179
30.395501056944603 -84.22455481947145
30.405975043851317 -84.2197934421612
30.406006945036125 -84.22002489453973
30.40774960902276 -84.21949271143656
30.407374831606734 -84.21945440087336
30.407328908950284 -84.2216621071088
30.407628672553614 -84.22169879018749
30.406647054909126 -84.22487011600391
30.406671901537973 -84.22477249685701
30.40718428359764 -84.22479522308589
30.407130825763517 -84.22470761840486
30.406881433233536 -84.22519896077516
30.406867311528952 -84.22504075033348
30.407607682146114 -84.22465001413917
30.407501020511827 -84.2245672515179
30.40735501668698 -84.224287774653
30.407469971333185 -84.22430508724324
30.402979635142163 -84.22480367491008
30.404585899336173 -84.22396980016696
30.405842476213696 -84.2246052295781
30.40556028625716 -84.22477166275908
30.407095490507654 -84.22531812516539
30.407115718300695 -84.22575504324809
30.410614202305265 -84.22172582891649
30.410674987996785 -84.22167429785131
30.41040215210732 -84.22142876782098
30.410365866960376 -84.2216112659796
30.410546618272523 -84.22121805939729
30.41054460197125 -84.22135841772848
30.41072971607454 -84.22072212002827
30.4107841071451 -84.22067438577292
30.409979538364404 -84.22032653259356
30.410009364323862 -84.2205532378888
30.40935712623048 -84.21885961961112
30.409371031915484 -84.21897210731073
30.410208902130893 -84.21932112495662
30.40989054280048 -84.21942064171454
30.41051436186083 -84.21946177090203
30.410411622738327 -84.21955083143804
30.400936711721013 -84.2244664492855
30.401026623479595 -84.22447661961434
30.400959952387698 -84.22479904393161
30.401058999925535 -84.22474755779714
30.40218232078963 -84.22499639801251
30.402034228253125 -84.2252627486773
30.4037293886761 -84.2096659770194
30.403726794388103 -84.20980646145892
30.401415527853846 -84.20972272307533
30.401403707970626 -84.20953147940044
30.4012055587028 -84.20995500842119
30.401197788414372 -84.20981885017027
30.4024512238738 -84.21017342815247
30.402441112148068 -84.21005990550526
30.400795183509683 -84.20973599403553
30.400714127449923 -84.20952996875124
30.399574500484732 -84.20955735536072
30.399570461579007 -84.20982537735371
30.3995252674777 -84.21066496032256
30.399440124050855 -84.21037586974897
30.39894751870769 -84.20961606335564
30.398967614317392 -84.20986534653926
30.39735092815397 -84.21116834631344
30.397231204393858 -84.21120260707262
30.397168523985485 -84.21032005275345
30.3971556735315 -84.21017226731281
30.397000880459704 -84.21101212317588
30.397104291953244 -84.21099342469266
30.397234741496266 -84.21068534729415
30.397133702021033 -84.21070830434279
30.39743228461356 -84.21168124774539
30.397393217016976 -84.21179457216081
30.39799337691843 -84.21236671298907
30.397944313620513 -84.21222825061601
30.396058216101316 -84.21141532616339
30.395948134015402 -84.2114103968354
30.396354066081937 -84.21068750718814
30.396399049701017 -84.21067683612704
30.394644644617923 -84.21112957976575
30.394921556064222 -84.21113804721732
30.39453922229161 -84.21207430902349
30.394799648394166 -84.21212172337691
30.3942795339465 -84.21245291588164
30.394004494107286 -84.21240691934372
30.394784423136596 -84.21424602575429
30.39442248890664 -84.21418313320913
30.393594174995854 -84.21130371390649
30.393861950878836 -84.21134527083049
30.392608233210233 -84.21325517592955
30.392985737503352 -84.213155428496
30.392356546854852 -84.2113081044108
30.39279821758859 -84.21132948263114
30.387879427113173 -84.21234320137519
30.38801344355775 -84.21265779634503
30.38772776044218 -84.21008276691789
30.388853406432727 -84.2103913119222
30.38907942671182 -84.2145054766989
30.389230001411498 -84.21428560014668
30.386631548528317 -84.21439146917055
30.386353082342684 -84.21432642100703
30.385931246211225 -84.21257225084555
30.385679307608985 -84.21259349020136
30.385880129680856 -84.21146046543146
30.385578396282718 -84.21149512161549
30.386261478887757 -84.21533493483643
30.386161682016304 -84.21551096285764
30.38783568652222 -84.21403834152291
30.388010543126708 -84.21432522060961
30.387327333681657 -84.21376304641618
30.387460742084603 -84.2140524470982
30.38703704382763 -84.21270058974956
30.387092889189123 -84.21304977185258
30.386987659204078 -84.21161099517448
30.387074543623154 -84.21195588607806
30.386322956650897 -84.2108323005005
30.386369694045637 -84.21058200719577
30.386380971551816 -84.2133834525927
30.386469830434457 -84.2135971311701
30.390128861385815 -84.22572330371779
30.390202387515057 -84.2257348605801
30.39424762330113 -84.21889722990349
30.395417302872723 -84.21687973145227
30.394402395793982 -84.22831528513804
30.394686766329624 -84.2284030632263
30.402638815781682 -84.21559854228333
30.402392246419634 -84.21510636784242
30.40243324007414 -84.21601388588562
30.407166406691935 -84.21995765087455
30.407296437436912 -84.22003787697736
30.40715832814291 -84.21968698944455
30.402973107790128 -84.21114854510516
30.402836410781006 -84.2111674866041
30.403124226513714 -84.21138262822943
30.392952257274093 -84.22849892571018
30.392964163610557 -84.22823518670529
30.392669021767638 -84.22866626182065
30.400434482033535 -84.23067120742839
30.400326552236105 -84.23060700997569
30.400310948028903 -84.23024245122993
30.39627319940455 -84.23072813315363
30.39610813312851 -84.2309051754499
30.396151236356925 -84.23112561475148
30.397281626546306 -84.22913062599093
30.397063210175684 -84.22910583332981
30.396916953372767 -84.22934275001008
30.39113398398086 -84.22537260161133
30.391175562947087 -84.22553477571903
30.391104006970963 -84.22562235453051
30.38688524517633 -84.22593172557394
30.386913366542338 -84.22597988155073
30.386979885158986 -84.22597435905895
30.387228874960158 -84.22592737890233
30.387209733826907 -84.22597199288859
30.38714901112346 -84.22597636725631
30.38791113410921 -84.22589770378654
30.387838961999048 -84.22588450403069
30.387811786630817 -84.22592345523817
30.38885841980246 -84.22565049370031
30.388830564989647 -84.22577695280455
30.388725630011034 -84.22581109062833
30.392983284690615 -84.22240224403934
30.392754411885505 -84.22230016722789
30.392722815091133 -84.22206778739161
30.39567603301234 -84.22483575921345
30.395794585076075 -84.22483049581062
30.39590678972052 -84.22503712270925
30.40727705564584 -84.22063675855009
30.407147129755977 -84.22069208412351
30.407099960387686 -84.22100759428743
30.406369647075564 -84.22457143621513
30.406432702122977 -84.22463599567247
30.406519135904396 -84.2246023573398
30.410968565552132 -84.22283370620377
30.410710479316485 -84.22277794956781
30.410658410304784 -84.22260694198728
30.395503102298473 -84.21143407858071
30.395580264474432 -84.21159745874793
30.39584443488372 -84.21160439488911
30.39637154793316 -84.21102055179483
30.396407981883822 -84.21115788040612
30.396353002589258 -84.21122646638105
30.396340832582606 -84.21133091397523
30.39637717014507 -84.21141904503993
30.396325758244423 -84.21150592843817
30.392667939070478 -84.20963499431174
30.393031250729575 -84.20970306722862
30.39315655330443 -84.20952483112374
30.389526101631 -84.21331172079627
30.389859938161937 -84.21346942153367
30.389895420968465 -84.21376855704908
30.394234900079162 -84.22780339989677
30.394665334889805 -84.22618346916622
30.394850776579464 -84.22613431279262
30.394063220147153 -84.23070906630832
30.394045088027813 -84.23035007208495
30.394192909478424 -84.23023728059945
30.41016848869029 -84.22166588760672
30.4102249783783 -84.22161624588782
30.410102102452424 -84.22163346272154
30.410049730971227 -84.22167948539374
30.395650137181526 -84.23100676790145
30.39553538031603 -84.23095502915943
30.395489831821035 -84.23099741034866
30.395398613751983 -84.23095628426482
30.395868118540694 -84.22340121600789
30.39572004231003 -84.22323675178903
30.395491167565982 -84.22331398508453
30.39543155228842 -84.22324777229646
30.38707278792007 -84.21045505757071
30.387183147717074 -84.21084015709857
30.387385792715477 -84.21088847691077
30.387482832620137 -84.2112271019514
30.38814810595655 -84.22584842005531
30.388169423402868 -84.22590504365213
30.388260417730013 -84.22591691666007
30.388293898979086 -84.22586431330602
30.388351325375496 -84.22587180632792
30.406358071207173 -84.22439256343355
30.406279822828512 -84.2243775252225
30.406242167269337 -84.22426129819887
30.406277882952104 -84.22421090320829
30.40625263960655 -84.22413298782186
30.393961587407762 -84.2286078410545
30.393619894800622 -84.22796166736994
30.394330212353776 -84.22882667843639
30.394177465013264 -84.22993151888859
30.39426743461409 -84.23082787625702
30.39350319895058 -84.23010877574646
30.3930626988926 -84.23050488444088
30.392999733756387 -84.23006713578815
30.393494261482164 -84.23083837163126
30.395220265752428 -84.2288786914869
30.395220242523397 -84.22860769428031
30.39522019438766 -84.22806569986757
30.395256286262224 -84.2295978725527
30.395193347706943 -84.22952491848739
30.39520232130757 -84.22931645817185
30.395184321665628 -84.2290871548938
30.395139348671954 -84.22883700885474
30.395391198699745 -84.23033789032213
30.39526531925039 -84.23015028923328
30.395220350682777 -84.22993141140591
30.395256302608594 -84.22980633201945
30.395193364169106 -84.22973337781983
30.39569691660858 -84.23096324131068
30.395786824834225 -84.23102577117389
30.395921667785142 -84.23083814398731
30.395678907969206 -84.23056716827335
30.395346294115914 -84.23100496567655
30.395391238903994 -84.23090073166009
30.395499135077706 -84.23106748959944
30.395535088804042 -84.23095283327721
30.395660963580884 -84.23108832083554
30.39519345384283 -84.23095286491589
30.395211425954127 -84.230827787628
30.394941719218213 -84.2309007735294
30.396137226786312 -84.22820108771475
30.396505851490907 -84.22840950532695
30.396451898030236 -84.22828443451641
30.396658700072575 -84.22854498779152
30.39564286988223 -84.22955613933058
30.395507873643353 -84.2279197427197
30.395966444294476 -84.22859718421158
30.395678755310072 -84.22863890986594
30.39563385168418 -84.2292121808423
30.39563386527758 -84.22937894906018
30.395975563473556 -84.23019190982284
30.396029491689678 -84.23000428940192
30.39606543561079 -84.22977497840952
30.396146335238328 -84.22959777777928
30.39617328974184 -84.22938931348381
30.39531910470089 -84.22824287844674
30.40043479563117 -84.23014976796875
30.400120130286165 -84.23012895271634
30.401360919387148 -84.23179660729183
30.40136990256847 -84.23168194665394
30.40150475913416 -84.23169235880944
30.401666595371715 -84.23183827624833
30.401684568325802 -84.23171319083433
30.400893412360855 -84.23169241080717
30.40105524600045 -84.23179663296449
30.40106422918182 -84.23168197268544
30.401208075481417 -84.23168196043535
30.4005517773993 -84.23169243986418
30.400902348805403 -84.23087937112908
30.401100144665026 -84.23098358862919
30.400542747369677 -84.23108787545742
30.400542768900618 -84.23141100511795
30.40007522310286 -84.23074394302364
30.400255025073307 -84.2306605379309
30.40043483368844 -84.23067094426428
30.400075245479965 -84.23106707113745
30.400264043038597 -84.23105663036345
30.40009321337104 -84.23087944668272
30.400237113618928 -84.23169246662684
30.400398947258438 -84.23179668808415
30.400093250576308 -84.23143189162434
30.400093238201165 -84.23124426881392
30.39961674663866 -84.2312338880872
30.399715629731258 -84.23106710402527
30.399616722504128 -84.23087949117428
30.400084276925597 -84.23169247962572
30.39962576684563 -84.23169251862191
30.39977860353895 -84.23169250562326
30.399742648516426 -84.23179674320234
30.399131253430202 -84.23105673408016
30.39911328944046 -84.23130689696384
30.399104313353824 -84.2315257888266
30.39936505328047 -84.23181762173705
30.399472930811257 -84.23170295504376
30.39963465293308 -84.2301811189801
30.39961668450912 -84.23034789580522
30.399239108356266 -84.2306293648715
30.399194171097303 -84.23083783705424
30.398070367504932 -84.23077540282003
30.39814227133899 -84.23050439071487
30.398241134074148 -84.23007702613674
30.398510846672462 -84.2300874220589
30.398834503986293 -84.23012908263544
30.3979625400355 -84.23163012049999
30.39809740581304 -84.23178645809246
30.39807941714314 -84.23166138030942
30.398304170996216 -84.23156755143594
30.398358098434116 -84.23133823408452
30.397288249771403 -84.23146340723136
30.39744109185856 -84.23154677952688
30.397584936814628 -84.23152592063542
30.39773777752853 -84.23158844680563
30.39789062283102 -84.23172393595249
30.397836645193077 -84.23118193159173
30.39696458946606 -84.23136962711423
30.397144400073795 -84.23141130392781
30.397081435804736 -84.23094226689703
30.39722528711626 -84.2310152158432
30.39737812736469 -84.23106731778451
30.397521975787388 -84.23109857427595
30.397665824906266 -84.23114025408984
30.397719702959865 -84.23023342764894
30.397629821154748 -84.23053571020876
30.39774669250676 -84.23048358268983
30.397593868534425 -84.23066079236602
30.396604967518893 -84.23127585082996
30.39718030221995 -84.23054617693923
30.39724322057011 -84.23034813032723
30.397297144308645 -84.23009796841114
30.397431977884224 -84.22980610498782
30.396577965798738 -84.23082765932094
30.396730805397258 -84.23086933749303
30.396137457974127 -84.2311403927047
30.396308278260857 -84.23118206955523
30.396461117746927 -84.23122374816684
30.39700041933054 -84.22955599419416
30.396272285091165 -84.23072345720433
30.396434116580714 -84.23078598043121
30.396532925463177 -84.22963942905218
30.396452031416878 -84.22988959205567
30.396425076904748 -84.230108479906
30.396353166981818 -84.23028567972496
30.396739763103866 -84.23041071886117
30.39677564105154 -84.22932670924415
30.396982384678896 -84.22889933719382
30.397315044103696 -84.2290764936742
30.39032019239625 -84.22568998052337
30.39021231560226 -84.22576295337049
30.39009544161452 -84.22577339282334
30.38997856649729 -84.22577340984093
30.390796734626043 -84.22616934562267
30.39084169643967 -84.2262631417805
30.390886662510766 -84.22639862805323
30.391462048783097 -84.22640897052182
30.390949458596072 -84.22513749511803
30.390670813198447 -84.22564823923405
30.390706789510244 -84.22578372629496
30.3907337741707 -84.22590879226047
30.39830403137547 -84.22961839460842
30.395822694980865 -84.22977500381678
30.401252963944238 -84.23073340780326
30.397342032459104 -84.22928495457568
30.39686559193082 -84.2299208186885
30.400443880671666 -84.23150482555602
30.39865465094148 -84.2295453939925
30.3956338934604 -84.22973333152332
30.391228263608305 -84.22607548164318
30.390607825995943 -84.22515839204101
30.39104847221906 -84.22623184513492
30.391084446846474 -84.22635691040614
30.39126423947941 -84.22621096963437
30.391084367884662 -84.22561691090192
30.391156317069523 -84.22585661863963
30.391201283560047 -84.22599210516148
30.390904574781654 -84.22575242998906
30.39112933122649 -84.22572112961466
30.39062583481426 -84.22540852881292
30.391246188106074 -84.22555435180622
30.39134512093793 -84.22590870408965
30.39140813840833 -84.22672165490853
30.39137216306406 -84.22658616652977
30.391345183339997 -84.22650278978426
30.390706746039154 -84.22538767175325
30.39094054874435 -84.22586707238669
30.39101249857478 -84.22611720247636
30.39097652371911 -84.22599213738548
30.390859608043915 -84.22561694398891
30.39082361999618 -84.22537723177349
30.391300215210745 -84.22634645772533
30.391075348694965 -84.22535634904396
30.39102140749499 -84.22536677965022
30.39114727184398 -84.22535633826426
30.391129417102334 -84.22653408719074
30.39093150471968 -84.22537721562709
30.391156402106642 -84.22666957644036
30.390302365556014 -84.22718039276359
30.389960635680666 -84.2262424208348
30.388108724670587 -84.22733701373355
30.387704065317553 -84.22641991540772
30.388800885777705 -84.22634680697665
30.389672991379484 -84.22671146833818
30.3888998206856 -84.22674284037572
30.388027717331646 -84.22639902602221
30.390266352076935 -84.22665927543311
30.388351412970643 -84.22680544820302
30.390634956097376 -84.226638380143
30.390131549093482 -84.22719083760234
30.39045510405168 -84.2262110838271
30.38888181869045 -84.22653439694959
30.3882165643756 -84.22687842196957
30.389951740203298 -84.22718043876732
30.387928919808488 -84.22736830361049
30.388180552943798 -84.22638858252981
30.390410196256138 -84.22663841087977
30.389708907930494 -84.2262737234239
30.38832439816146 -84.22637814025802
30.390050560212927 -84.22644043411694
30.390572036007423 -84.22676345843227
30.38828853254382 -84.22733699043143
30.39030226954679 -84.22623195028602
30.387731079990527 -84.22684722065155
30.38805473207273 -84.22682633267559
30.39014044355351 -84.22624239551699
30.388369408336946 -84.22695135711582
30.38775810433219 -84.22738917003942
30.38959205443487 -84.22648218722361
30.387874881718663 -84.22640946948187
30.387910886819352 -84.22683677425866
30.38955607992695 -84.22635712381638
30.388935739513606 -84.22632594353497
30.390086542084752 -84.22663845514025
30.390940675339962 -84.22709692890828
30.38668815943087 -84.22650343306923
30.38720964132728 -84.22688897929947
30.387074800936976 -84.22704532890208
30.386760126836723 -84.22694114994853
30.38683200465771 -84.22649299112658
30.387371467372134 -84.22687853545395
30.38686798961458 -84.22672227188245
30.387065798146608 -84.22692026489888
30.38691296249208 -84.22693070744008
30.387209596896522 -84.22645125047258
30.3873624335885 -84.22645122928087
30.38705676235336 -84.22647211586138
30.386957889329533 -84.22668057131392
30.386939888309133 -84.22648255412784
30.387335406494273 -84.22591970447523
30.38671507156657 -84.22594063798638
30.386778004322025 -84.22594062893168
30.387002771953053 -84.22601355124328
30.38689488833896 -84.22602398876656
30.387002761929743 -84.22591975240758
30.387110645535532 -84.22590931475764
30.386885887929488 -84.22593019132889
30.38722753068359 -84.22600309695555
30.387119650396563 -84.22604480083042
30.386670130714652 -84.22604486502779
30.386787009150694 -84.22607611454612
30.38721853025916 -84.22590929920052
30.388054629019095 -84.22583622319517
30.387928775822843 -84.22595088554759
30.388261417038763 -84.22591957103859
30.387829871424703 -84.22585710013684
30.38815353343217 -84.22593000880046
30.38847718536816 -84.22590911769572
30.3876770392159 -84.22589881091722
30.38846818375033 -84.22580489650065
30.388036663887657 -84.22598213664536
30.387820891099203 -84.22595090105912
30.38794674541914 -84.22584666102692
30.38827938773547 -84.22582576838636
30.38872892974986 -84.22603414871729
30.388369301762395 -84.22591955549224
30.38871092325147 -84.22579443896113
30.388836787634535 -84.22578399837381
30.388710932244095 -84.22587781716152
30.388387271333762 -84.2258153304959
30.38816251261823 -84.22582578534036
30.387811865744382 -84.22562781479799
30.386283483930022 -84.2254925533811
30.387155545188975 -84.22542989125459
30.387739943735536 -84.22563824754826
30.38844115987285 -84.22532547709031
30.389771726441534 -84.22522105337416
30.387928739720557 -84.22561737541575
30.386355432207917 -84.22572182722699
30.386607162096066 -84.22571136839412
30.387362350618623 -84.22566956943979
30.38805460408954 -84.22560693468422
30.386472343161685 -84.22605531531056
30.38698475749422 -84.22570089108885
30.38677797957507 -84.2257113434163
30.386301577849164 -84.22655559655428
30.387721935355557 -84.22538811812166
30.390122349445306 -84.22520015548817
30.387236486244653 -84.22568001001643
30.389313219881767 -84.2252523897441
30.386490286978855 -84.22571138548408
30.38628350905886 -84.22572183773613
30.386481348967486 -84.22620122254902
30.38646334277462 -84.22596151827561
30.38685889198338 -84.22570090950714
30.38716456423164 -84.22569044266673
30.386768961728198 -84.22546121510094
30.386274546734793 -84.2259823894294
30.388647964347392 -84.22555473593887
30.388450177978708 -84.22557560967363
30.38877382985819 -84.2255547173313
30.38852209998258 -84.22556517680125
30.38979875410175 -84.22573174645733
30.389987522646592 -84.22546073619532
30.38931324773344 -84.22550252588702
30.389520025635903 -84.22549207284493
30.389645889994874 -84.22548163178136
30.389394160125114 -84.22549209153362
30.389780744746645 -84.22547118935402
30.389861657135818 -84.22546075492464
30.3902032897842 -84.22543985921924
30.39012237739669 -84.22545029370248
30.390329154139007 -84.22542941801514
30.390922645509132 -84.22660707326658
30.393736882033174 -84.22925408155919
30.395948575762596 -84.22997302853949
30.39586768495019 -84.23027530496309
30.395984526921822 -84.22983752518485
30.396083397513923 -84.22953524611104
30.39616429173528 -84.2292955068284
30.39645196544204 -84.22906616708369
30.400551785901406 -84.2318279458634
30.38654406622695 -84.22428355757795
30.386382288370957 -84.22470046467181
30.3862474324668 -84.22470048578597
30.38668795932371 -84.22467957269409
30.38667894321506 -84.22446071087927
30.38631036522207 -84.22470047593272
30.386310338310004 -84.22447119151494
30.38656209381316 -84.22467959242775
30.38622940494374 -84.22430445220759
30.38715545614019 -84.22464823306943
30.386921681374346 -84.22443982810918
30.38684074671962 -84.22426266570925
30.38747011625779 -84.2246169172052
30.38600451906322 -84.22328313364441
30.38598649404613 -84.22293921123413
30.38647202218106 -84.22330389774024
30.386400099032418 -84.22330391002909
30.38651694748326 -84.22309544923954
30.386525963217103 -84.2232934664816
30.386382067297692 -84.22290787608966
30.386651828727224 -84.22329344496256
30.386696724280103 -84.22285571074954
30.386831607229986 -84.2230641285804
30.386957472740022 -84.22306410676576
30.38683163394548 -84.22327257007174
30.386957499455587 -84.22327254852559
30.386894539985 -84.22306411767309
30.3872721605742 -84.22325165041661
30.38736201068141 -84.22283474976152
30.387245136926843 -84.22284519241123
30.387254140893326 -84.22294941202915
30.387263155509707 -84.22313700863103
30.387380039973838 -84.2232099433929
30.38737103889394 -84.22312656788088
30.387371026808562 -84.223032768692
30.387254153038228 -84.22304321110583
30.38736202426262 -84.22293897107286
30.38733513022182 -84.22354345922155
30.38766781615367 -84.22387691243951
30.387604874421392 -84.22380396772424
30.387550921750663 -84.22372059945477
30.38752397751859 -84.22393946906504
30.387362113123196 -84.2236372538596
30.38750595942059 -84.22363722977187
30.387721795274512 -84.22417914645496
30.387577931317953 -84.22403325958655
30.387649863316483 -84.22410620296706
30.387461031976226 -84.2238352579917
30.38740707803547 -84.2237414676917
30.387721766177673 -84.22393943655595
30.387469987431206 -84.22355385865254
30.38743401407667 -84.22346006545574
30.387793696959108 -84.22400195779755
30.387973548761657 -84.22436670523173
30.38801847575051 -84.22415825401633
30.388360150515428 -84.22449171023183
30.388378109014774 -84.22430410706643
30.388063457653843 -84.22440837967167
30.3882882000895 -84.22426243258832
30.388162356926404 -84.22445005275756
30.38855794163467 -84.22451252335722
30.388261253722565 -84.22447088147362
30.388557915640757 -84.22429365592426
30.388459047305002 -84.22451253903218
30.388198292402873 -84.22423118040722
30.38810838470882 -84.22419992828362
30.388468011704724 -84.2242936703756
30.389331074472878 -84.22416846354639
30.389097312897917 -84.22407470057396
30.389268108770814 -84.22389749304723
30.389429956196736 -84.22406422400552
30.388989437001587 -84.22414767429075
30.389115325023504 -84.22433525559741
30.389187206696416 -84.22399130731424
30.389223201024084 -84.22426228199365
30.38951978407504 -84.22344929002566
30.38959175269014 -84.22381406075674
30.389420921031668 -84.22369944319523
30.38951085450302 -84.2239391424847
30.389349010778176 -84.22380367862485
30.389654668676005 -84.22367855944759
30.389474847809716 -84.22357436591804
30.389717581908254 -84.22352221319913
30.389789433233453 -84.22295939200647
30.38978945342636 -84.22311572785729
30.389600636320417 -84.22296984730345
30.38960065247965 -84.22309491574242
30.389780411515968 -84.22271967862535
30.389789416945128 -84.22283432332587
30.38959161050657 -84.2226988672777
30.389591628286603 -84.22283435807404
30.38996919878298 -84.22263626596107
30.3905805400265 -84.2225944674183
30.390283859799975 -84.2226153651556
30.39089520103682 -84.22257356634677
30.38995115089686 -84.22213599360613
30.390256820020657 -84.2221046703992
30.390868162517677 -84.2220732909117
30.390571482374302 -84.22209419029335
30.392477427262634 -84.22195834618857
30.392144786993253 -84.2219896755396
30.392423583106332 -84.22268794312231
30.39215384365454 -84.22247953806855
30.392306707989984 -84.22268796383209
30.39302613000823 -84.22419913300823
30.393151996772264 -84.22420953540053
30.39271146999061 -84.22423045200428
30.39352957820513 -84.2240844009021
30.392585379762764 -84.2224586153043
30.39415885197397 -84.22364653841811
30.3940869800802 -84.22406346439823
30.394617396789588 -84.22392788010374
30.39445557352795 -84.2239591753903
30.394023999960172 -84.22367782951741
30.394293705280294 -84.22362567010292
30.39429375279843 -84.22401131631428
30.394581386145333 -84.22353181577179
30.394158913321146 -84.22414683551531
30.39443754637275 -84.22358395444945
30.394095841201906 -84.2230316008343
30.39426662338526 -84.2227605766058
30.394212650722487 -84.22253128316251
30.394329577926165 -84.22292733149071
30.393853087066876 -84.22292741475954
30.394383545883365 -84.22312535678675
30.393835076269774 -84.2226981158258
30.393898072651005 -84.22318797761291
30.393349658642766 -84.22318807198612
30.393457612921708 -84.22374046083348
30.393277691012035 -84.22284413321113
30.39300794490683 -84.22258361223807
30.392873000279344 -84.22192700498206
30.39285499353951 -84.22173939940122
30.392989939104936 -84.2223960062771
30.392971812986154 -84.22134331383462
30.392342276416127 -84.21992595193085
30.39274689937852 -84.22029066349768
30.392764909736833 -84.22048869131137
30.392647943415557 -84.21988419834526
30.392899839015993 -84.22098895502684
30.394131665396586 -84.22199973211384
30.394050767519392 -84.22211439831307
30.393736112247247 -84.22217699278636
30.39388894327283 -84.2221352735943
30.393628164483935 -84.22171840928797
30.39396977904415 -84.22157242565476
30.39380796363421 -84.2216558387287
30.394014472030484 -84.21981095708854
30.393879636888514 -84.2199464816993
30.393717833586095 -84.22010285705286
30.39334026378515 -84.22028012102456
30.394203252618006 -84.2196962666031
30.39353803044986 -84.22013416204274
30.39383458301019 -84.21928985316966
30.393519968176633 -84.21960260351236
30.393268256525744 -84.21972772920253
30.394455286487045 -84.2217599460611
30.394329365369384 -84.22136390033558
30.394787803489734 -84.22086351255346
30.394913639992254 -84.22066545210157
30.394473184908254 -84.2211762608811
30.3946619636806 -84.22104072667541
30.39496768331023 -84.22136377856893
30.395255317588674 -84.2209572277349
30.395084524187823 -84.2211240283103
30.394671042869618 -84.22166609957823
30.39481486577859 -84.22149930576445
30.39516565863351 -84.22272914906536
30.394770111272493 -84.22295852326907
30.394626176719278 -84.2222914823752
30.395012769257512 -84.22233310408862
30.395048754549194 -84.2225102877541
30.395021855776555 -84.22306270883962
30.394949792637775 -84.22201000431237
30.39507577516589 -84.22288550926936
30.39530051453701 -84.22272912522426
30.394904919330603 -84.2225936969928
30.394662164848178 -84.22248951114402
30.39471614169497 -84.22275007436606
30.395480404485127 -84.22336489626329
30.39534558522514 -84.22365676274514
30.395165786412942 -84.22372975357123
30.395048868232113 -84.22338581564864
30.39501296387642 -84.22384443144601
30.395435435283567 -84.22322940501688
30.39555236427768 -84.22365672815197
30.395300587351233 -84.22329196603545
30.394905028517556 -84.223437954791
30.395174728461132 -84.22334410238481
30.396163658494082 -84.22323970307151
30.39632548291636 -84.22321882913238
30.396037806244927 -84.22334395523244
30.39673900204785 -84.22291648727726
30.396595175996026 -84.22307285917469
30.395759066704976 -84.22305215799747
30.395929874746784 -84.22297916704706
30.396334404307474 -84.22268725008496
30.397107587752608 -84.22276007525323
30.39643335159698 -84.2230937334134
30.396487227215836 -84.22258299195259
30.396810845162864 -84.22231193263003
30.39586699668373 -84.22340652258731
30.39689178939008 -84.22254122722968
30.39619956619714 -84.22282277394532
30.396055729423026 -84.22289576064851
30.396505127864433 -84.22198887167615
30.39598370355221 -84.22212446747687
30.395489193299518 -84.22184313700731
30.39529138147864 -84.2216764061364
30.395677987237022 -84.22181183286237
30.396118575011702 -84.22223909651821
30.396055583765893 -84.22181176256022
30.395776824638105 -84.22140531632745
30.39593866790575 -84.2215199390311
30.39617243859091 -84.22166581780591
30.395516083970126 -84.2212698669414
30.39580387573771 -84.22197857793515
30.396100417600938 -84.2209779091261
30.395138326793198 -84.2201755284685
30.395381104941695 -84.22042563088618
30.397107475640105 -84.22192622159127
30.39564185418385 -84.22061319290371
30.397278330134945 -84.22219719290052
30.39678377660577 -84.22160316425007
30.39654099328869 -84.22130093976465
30.397431200499035 -84.22244732197399
30.3949135193811 -84.21986288597897
30.39630721470946 -84.22110294588612
30.394634775349534 -84.21959194784725
30.394436950858825 -84.21936268567745
30.395839668879418 -84.22079034525512
30.396441386149544 -84.21682944892994
30.399515868222487 -84.21554663799316
30.399668702968302 -84.21553617628734
30.39807758220431 -84.2165163625905
30.39759211770248 -84.21661028830331
30.39676503110656 -84.21677725649153
30.3971875666739 -84.2167041937855
30.397672908827467 -84.21593275891392
30.397250375593977 -84.21601624850663
30.40023508803092 -84.21548391690898
30.4000283011936 -84.21544227487924
30.399111325682675 -84.21568224327152
30.399983496860788 -84.21624489395154
30.39935419938524 -84.21641182156779
30.40071153979551 -84.21527532620802
30.398670794477304 -84.21567192960399
30.40118816598839 -84.21600485801908
30.401259938063717 -84.2151917984761
30.405180394829888 -84.21888091019373
30.40421809845441 -84.21695269124892
30.40295038845105 -84.21658815758678
30.40482975268017 -84.21877674606631
30.406196327681418 -84.21899535604949
30.40658278030339 -84.2181717625291
30.40240169828625 -84.2150872711128
30.405225196075868 -84.21796358521519
30.401763384311902 -84.21510828126067
30.40785053497663 -84.2188386354857
30.40717625546687 -84.2188387815974
30.40753574289887 -84.21805688239795
30.40708623192535 -84.21810910458201
30.398104418963012 -84.21577630343607
30.396099769548876 -84.21693376059301
30.402042255263208 -84.2160150718932
30.40068473243421 -84.21616133498667
30.398787830731333 -84.21655788524183
30.402527770639345 -84.21620258015722
30.401602508073175 -84.22076836462233
30.40223154577342 -84.21888154783196
30.401251783338637 -84.22010132242852
30.401071818374895 -84.21909027046455
30.4019440578194 -84.22019499457717
30.401898879354388 -84.2187461118898
30.401818076983695 -84.21944451561359
30.401251685455787 -84.21946548203792
30.40143163666356 -84.22040357112974
30.404192027443127 -84.22283179228242
30.39629874633541 -84.22516795056532
30.395067137177595 -84.22584562951934
30.393673522908696 -84.22491820182131
30.39453672293114 -84.2260228956126
30.395741391784952 -84.22561622527212
30.395471689082402 -84.22569964895415
30.396020081379643 -84.22550153063348
30.393880339842035 -84.2252517003474
30.39490531905284 -84.22592903645281
30.393925332271706 -84.22561649265658
30.3963796181694 -84.22480313002016
30.396145785266906 -84.22410482081456
30.396280684819327 -84.22446960676194
30.394572562270262 -84.22491806303016
30.39461749134586 -84.22472002089293
30.395516506286594 -84.22451142025304
30.394446699152002 -84.22493892823503
30.394203945325533 -84.22482431418602
30.39573224973548 -84.22429250253796
30.395336692257665 -84.22445933385161
30.395849150850054 -84.22451136751292
30.395498595406938 -84.22511595705365
30.394779388542148 -84.2253349480037
30.39562444191068 -84.22494916967581
30.394257918723188 -84.22509530034273
30.394356847010396 -84.22539754869746
30.39584018608937 -84.22473025268553
30.394680454160824 -84.22498058384598
30.395885178784894 -84.2250846290322
30.396011038366186 -84.2250324945458
30.39444677052931 -84.22557472433712
30.394806378239917 -84.22550171075962
30.395453618448887 -84.22489708102125
30.395624417854194 -84.22474070942452
30.395543565001674 -84.22527229526393
30.394617583422068 -84.22553300749391
30.394689464699717 -84.22515777198161
30.395381666293353 -84.22464694046054
30.40546828892633 -84.22017343178912
30.40530639179781 -84.21971480663079
30.40540531816369 -84.21992326721482
30.405872951093706 -84.22080922013306
30.40675404447584 -84.22104880360291
30.4055582288387 -84.22041316720697
30.40634947526254 -84.22103845795445
30.406079751389626 -84.22095511729546
30.406565244707135 -84.22103841606032
30.407185589375587 -84.22109041684422
30.405243418531217 -84.21945421872792
30.405648166777382 -84.22064247898416
30.40697880581783 -84.2210591842107
30.406870956940203 -84.22130938624049
30.406106591085912 -84.22006906088944
30.40577389064865 -84.21970428543071
30.40729341032661 -84.2206525771257
30.405926787958315 -84.22010036992127
30.406583147657823 -84.22050677928704
30.405710927136138 -84.21950624082055
30.406888824130146 -84.22052756670156
30.406286463124275 -84.22049641435616
30.40704167007891 -84.22059008161217
30.40643031096815 -84.22050680979412
30.40673598589439 -84.22051717297808
30.406726859443776 -84.21962069380096
30.407302338628533 -84.22023560499399
30.4072932493767 -84.2195893028307
30.40741025456192 -84.22044406856494
30.40691564473935 -84.21953726066252
30.406439235645344 -84.22006899300104
30.40674490744183 -84.22005850641705
30.407311297479772 -84.22002711798015
30.406592072334824 -84.22006896180876
30.406897744131292 -84.22005847520806
30.407041588843946 -84.22004802160382
30.406286398955878 -84.22006902419311
30.40616945342961 -84.2196103859813
30.40732017815382 -84.21931826641662
30.40729339183814 -84.220527486032
30.404515726131123 -84.22317572611297
30.407733965597068 -84.22082970303057
30.404641612902132 -84.22334248802733
30.407626258941246 -84.22209106370364
30.40767117222517 -84.22180959940968
30.407796714650527 -84.2196100462263
30.40786899956713 -84.22209101918739
30.40786856743777 -84.2191617854838
30.407823648386564 -84.21937028136372
30.407751981164065 -84.2210694585564
30.40771608930084 -84.22155940776562
30.407509492189572 -84.22290417904736
30.407563354452105 -84.2222995609778
30.407518449776408 -84.2226539947087
30.407527511982313 -84.22320648010178
30.40707796142532 -84.22296680000201
30.406997066730625 -84.22311275328181
30.407069003242434 -84.22321698318349
30.407113854363175 -84.22244558179568
30.407014975311487 -84.2225602660818
30.40714975382616 -84.22198690866118
30.407041968535232 -84.22272704896125
30.407257567493915 -84.22147610031517
30.40727558623097 -84.22174712755844
30.40709584272071 -84.22221625181935
30.40655675456369 -84.22489536410498
30.406916382256533 -84.22499955065976
30.40743777924237 -84.22460334817906
30.407168068655825 -84.22461381494674
30.406754526356742 -84.2247493947084
30.406260014310092 -84.2244054750566
30.406412891399484 -84.224749448059
30.407311836368894 -84.22395706391356
30.40752763739274 -84.22421763553838
30.406385873621023 -84.224353334153
30.407248966251363 -84.22447828690787
30.407329833640897 -84.22409257636238
30.406313934256634 -84.22421783168326
30.40732092478225 -84.22478057903949
30.407509625027984 -84.22395703142075
30.40623302571853 -84.22425954133794
30.40652075787172 -84.2245930685806
30.406907365467585 -84.2247702192741
30.40660168238722 -84.22468687347167
30.406206038225378 -84.22412403184175
30.407518631906452 -84.2240925456085
30.407329848733525 -84.2242176675034
30.406295935850153 -84.2240718964696
30.407033224923353 -84.2247180784947
30.4067275804148 -84.22496830706719
30.40750968025861 -84.22441569978231
30.406313978818716 -84.22459310120263
30.407132143348242 -84.2249265478322
30.40638588846515 -84.22447842408491
30.407311884162205 -84.22435318578712
30.40615227103016 -84.22564596447474
30.40823791815243 -84.22455110023077
30.407231137515907 -84.22582301817295
30.406125319098937 -84.2258231787033
30.408130073446355 -84.22489512075506
30.408282829202015 -84.22420708912435
30.40799524843609 -84.22516617426676
30.405576841944946 -84.22524993420727
30.405378982768443 -84.22463494492156
30.405549842426694 -84.22499976055843
30.40542398404506 -84.2250623242406
30.406970420595187 -84.22586475291584
30.407186122403377 -84.2252496911451
30.406430917589553 -84.22514556355165
30.407599628191917 -84.2247909598949
30.406979343350063 -84.22524972237743
30.40680852704164 -84.22526017238398
30.40773438486786 -84.22395699449679
30.40599933450343 -84.22475993676007
30.405828445471002 -84.2241553655296
30.407743416834805 -84.22430099511436
30.407842307422264 -84.22426970626671
30.407320961834905 -84.22510373112462
30.40773444133537 -84.22442608821895
30.405855436668812 -84.22432214682365
30.40746479388414 -84.22497861786853
30.405909418429008 -84.22465570968835
30.40768951026343 -84.22460330849033
30.40627806906576 -84.22504134530394
30.406125218066393 -84.22491627911604
30.406619725261866 -84.225228928322
30.409334507899192 -84.22264324764481
30.40928062267361 -84.22308108497162
30.40938842393385 -84.22244517290872
30.40943331807348 -84.22201776089045
30.409433253002362 -84.22154865900883
30.40773403471924 -84.22130922105362
30.4104762796003 -84.2225804971098
30.41017063234191 -84.22277861837414
30.40993685736883 -84.2225910178781
30.410260511537114 -84.22259096017594
30.410143630886516 -84.2225492827645
30.409909752632906 -84.22161111619587
30.410368397641385 -84.22260136552782
30.410584165705394 -84.22259090247304
30.40981098909348 -84.22257019126442
30.410053613485122 -84.22171533463187
30.410098549437116 -84.22160065608453
30.409828997386324 -84.22277867862522
30.410701035287378 -84.22254918314925
30.41067394337197 -84.22166309537842
30.410404230109776 -84.22165272143717
30.41075486418139 -84.22171520332044
30.41051211774341 -84.2216735503691
30.41022441640678 -84.22161105693895
30.4102783631434 -84.22164232050996
30.4101794862415 -84.22176743389302
30.410620018418065 -84.22178820086357
30.41036819917103 -84.22116277264912
30.41024233515652 -84.22117322150253
30.4104761180662 -84.2214025175812
30.410044570304198 -84.2213400524608
30.4101434333451 -84.22112111775934
30.409873718540474 -84.22110032083762
30.410583973097854 -84.2211940048519
30.41036823186712 -84.22139211354244
30.410592991705457 -84.22139207071146
30.410790756623754 -84.22122523892114
30.41046709349984 -84.22116275357126
30.41078179587144 -84.221433733254
30.410682868919082 -84.2212044104252
30.410035550120952 -84.22113156316787
30.410781683010157 -84.22065188598877
30.409981527216345 -84.22057907271797
30.41022427861227 -84.2206519964347
30.41062884939045 -84.22067276550031
30.41084462343367 -84.22070399670346
30.410089413479696 -84.22058947581739
30.410736750938668 -84.22078741502591
30.40984662469293 -84.22026636362793
30.409756550067097 -84.21916138259745
30.409504907166884 -84.21972435898599
30.409567868757485 -84.2199119869295
30.40948681668919 -84.21902592175941
30.409621838106457 -84.22008919244081
30.41004441335002 -84.22026632365706
30.409621756424986 -84.21955754261685
30.40941485839621 -84.2188070230385
30.409801526753608 -84.21931774088746
30.409289031360984 -84.21904681318365
30.40991845236515 -84.21964087681138
30.409747673436573 -84.21989110090055
30.409405962547904 -84.21940122053742
30.409244040920417 -84.21880706011088
30.41013430629966 -84.22019333356087
30.409468924600112 -84.21958884808251
30.409873477691413 -84.21949494271855
30.40996342848084 -84.21979723558147
30.410116122518172 -84.21889026731678
30.410278030715446 -84.21940103657582
30.41018808233053 -84.21911959223766
30.410224065381644 -84.2192551039661
30.41042191601609 -84.21965119643332
30.410583596061393 -84.21872337250639
30.41033191200994 -84.21901531565685
30.410080132338297 -84.2187130576515
30.410152105805892 -84.21902577886087
30.410295932062738 -84.21890065302372
30.41034098140622 -84.21951569371434
30.4105027823664 -84.21934886616
30.410502701048383 -84.21883806074109
30.410601701190775 -84.21950521440932
30.411042212525658 -84.21939045070906
30.410736491356108 -84.21908820109077
30.410826519059132 -84.21988045409336
30.41082655241546 -84.22009937142771
30.41100628350591 -84.21959895138228
30.410745466776316 -84.21899437752869
30.4105926150471 -84.21890058891701
30.41089835147264 -84.21929665928634
30.410826415150947 -84.21921327745628
30.410808604619838 -84.22031829238647
30.410664574841604 -84.21912991496438
30.411599846958204 -84.22091234181663
30.411258127418133 -84.22033905114164
30.411213212668784 -84.22058925242295
30.411491784127943 -84.21972394642147
30.41160880994432 -84.22072469512615
30.41143794152441 -84.2203807137378
30.410710055955988 -84.22277852323914
30.411635638461043 -84.21977604015798
30.411222184512788 -84.22046415450914
30.411195250312087 -84.22071435208946
30.4116537908341 -84.2209227559951
30.411249110373365 -84.22016183339036
30.41106062456076 -84.2223510503402
30.4110695424285 -84.22181939100685
30.41127633012422 -84.22188190060446
30.411078568642864 -84.22208000588053
30.41121351526004 -84.22275758509197
30.4111144784712 -84.22170471131408
30.41104267715867 -84.22260124538407
30.4110516509193 -84.22247614787362
30.411024750954006 -84.22301823483474
30.411114460984265 -84.22157961532525
30.41106959667174 -84.2222155281228
30.411096532300512 -84.22195490661474
30.411024716995122 -84.22275761843044
30.411141413086206 -84.2214440895453
30.40078500261131 -84.2256154825819
30.40052409047748 -84.22396860238597
30.401720079274817 -84.22632415396863
30.400461207957935 -84.22438555386138
30.40289778234238 -84.22595915645542
30.4020886929924 -84.22639706827366
30.400677097202692 -84.22542787453895
30.40288882064536 -84.22623017622963
30.400649930373515 -84.22376011075185
30.40287981597333 -84.22609466826871
30.401899888232762 -84.22633455247457
30.402277493416705 -84.22641788942424
30.402780970472662 -84.22656375227973
30.400524217150096 -84.22504222653055
30.400533106154384 -84.22417707163704
30.402601158327183 -84.22652208198728
30.402448315201585 -84.2264595606333
30.402951696583834 -84.22569855383894
30.400524193240155 -84.22483375582264
30.400596162706975 -84.2252402628349
30.40154027140195 -84.22632417914474
30.402915750820412 -84.22584449217354
30.40135146660766 -84.22626166383728
30.40086593657106 -84.22580309495953
30.40045224340812 -84.22460444938046
30.402987644476898 -84.22557346299352
30.40299661991449 -84.22543795227519
30.402088461749134 -84.2243227515064
30.40219634895942 -84.22434358161748
30.402825708542533 -84.22461449904289
30.4029695899073 -84.22491676647779
30.40303256522611 -84.22529201367011
30.402915628284358 -84.22474999415849
30.402322219434044 -84.22438525635062
30.402690840385056 -84.22451028262005
30.40256496748285 -84.22444776006229
30.402430134883573 -84.22464583257263
30.402439097028036 -84.2244060851451
30.4030505236829 -84.2250939586672
30.401629929143272 -84.22413519934017
30.40141414959663 -84.22405184534412
30.401863689424257 -84.22421855079908
30.401090482727422 -84.22394766223196
30.401971580400225 -84.22427065181674
30.401531029770165 -84.224093520832
30.401315247657134 -84.22398931977278
30.401746810545887 -84.22418729868564
30.400991584571845 -84.22391640772898
30.40119836872426 -84.22395806810891
30.401342422919626 -84.22576133121088
30.401099628260663 -84.22527145754675
30.40106356804379 -84.22441672834691
30.400946754931535 -84.22494834959801
30.401630120029903 -84.22580298388512
30.40120753850276 -84.22550076066163
30.400883776181118 -84.22455226349275
30.401135553197484 -84.22494832050418
30.402025702973756 -84.22585504486463
30.401072579344753 -84.22459392800903
30.400892743129166 -84.22435421415122
30.401099572402185 -84.22478154849713
30.40090178011523 -84.224750308587
30.401836901335532 -84.22582380118008
30.40160308092469 -84.22518799242356
30.401818857410735 -84.22525050174356
30.40207959165359 -84.22536512308707
30.402493155558094 -84.22541717984761
30.40239433471681 -84.22609473738683
30.402421279170525 -84.22584456383825
30.402421292593687 -84.2259696486926
30.402484184722162 -84.2255943848476
30.402466217596373 -84.22571947241146
30.402439194570693 -84.22525040806526
30.40214247249706 -84.22490647050098
30.402025593782284 -84.22487521747523
30.402367254950548 -84.22510448667741
30.401926693439716 -84.22482311436399
30.402250367969124 -84.22500026730559
30.401818805098735 -84.22479186010709
30.401710916750332 -84.22476060591923
30.401324331034164 -84.22477108985684
30.401594035575094 -84.22470850590683
30.401477161671448 -84.22471894784161
30.403488374044624 -84.20957277614731
30.403065968984667 -84.2101983361688
30.402832437460088 -84.21117824295013
30.403308558932864 -84.20954156066753
30.40351540294891 -84.20982294024881
30.403191791776347 -84.21001066900668
30.40364121796959 -84.20960400013585
30.403057281368397 -84.21156385742708
30.40324603659187 -84.21136574977136
30.403668244421276 -84.2098437407668
30.403281647934982 -84.20980216481338
30.403839071458947 -84.20988538357948
30.402481689716907 -84.21062588798254
30.40259860666159 -84.21081348044986
30.403794059476557 -84.20962480033789
30.403605366503772 -84.21008350906905
30.402715518733267 -84.21098022582821
30.40353348832641 -84.21028158436917
30.40306612561395 -84.21089673119774
30.403452612423912 -84.21044839055212
30.403236906017955 -84.21072989910311
30.403344758129077 -84.21058393306501
30.40269726518626 -84.20977107419242
30.402796094426073 -84.20948960158996
30.40291296953677 -84.20948956507993
30.402904044228524 -84.20977101019373
30.402679221736676 -84.20950006186492
30.40280514750417 -84.20976061702333
30.402562344204686 -84.20948967460951
30.402481495750852 -84.20977114097307
30.402589380468562 -84.20977110758282
30.40245445948712 -84.20948970831061
30.402373611033152 -84.2097711743632
30.402256735922307 -84.20977121053566
30.402346577190844 -84.20950016574116
30.40222969965887 -84.20948977852076
30.402040966486897 -84.20977127731513
30.402013927801654 -84.20947942222783
30.402148851204604 -84.20977124392547
30.402121814941307 -84.2094898122214
30.40145652584966 -84.20949002003883
30.401258802283536 -84.20977151938588
30.40172630272692 -84.20977137470085
30.40183418504488 -84.20976091763667
30.40134864355333 -84.20950047736152
30.401573403381605 -84.20950040717784
30.401114955993258 -84.20977156390381
30.40136668460152 -84.20976106237224
30.401483559712357 -84.20976102618862
30.40110590051758 -84.20949012956198
30.401591446829794 -84.20977141643719
30.401897057534306 -84.20950030611223
30.4019240889763 -84.20976088980261
30.40124075883575 -84.20950051104946
30.40168128809917 -84.20950037348946
30.40178917039548 -84.20948991613082
30.401600560868943 -84.21031344345384
30.401285885316437 -84.21026142100955
30.401438665111694 -84.21001120729032
30.40113299174454 -84.21001130114101
30.401591499414575 -84.21000073671553
30.40174433847887 -84.21001111343847
30.40128582604743 -84.2100008305994
30.401133048632673 -84.2102614675433
30.401438722000197 -84.21026137447551
30.401744404802862 -84.21030297606796
30.402202921921962 -84.21033410780099
30.402041021452888 -84.21001102234587
30.40220284852962 -84.21001097265854
30.402346751709594 -84.21026109800269
30.402041087777274 -84.2103028858619
30.401897241486648 -84.21030292959831
30.401897175162457 -84.21001106651211
30.402346694820057 -84.21001092849176
30.402499531503643 -84.21001088156424
30.4024995742156 -84.21019850899103
30.4007193208741 -84.20952152098427
30.40063840733592 -84.20952154623232
30.400728385862823 -84.2098446484428
30.40054850098506 -84.20951115074791
30.400206870884297 -84.20953210438847
30.400116969370835 -84.20954255592333
30.400287782003783 -84.2095216556396
30.400467592285125 -84.20953202306256
30.4003776859351 -84.20952162758661
30.399352781118093 -84.20952194738481
30.39995514471147 -84.20955302985799
30.400206940666525 -84.20983438592482
30.40003606066587 -84.20956342811955
30.399433699492764 -84.20954276897555
30.39986523836312 -84.20954263441695
30.39969441847576 -84.20953226423345
30.399784322407086 -84.20953223619071
30.399523675574375 -84.20985544379292
30.39961350493758 -84.20953228947182
30.399613579505843 -84.20985541604777
30.399523598587592 -84.20952189408604
30.399838417840297 -84.21019932092835
30.399568727299712 -84.21029321411291
30.39939792631426 -84.2103662299675
30.399748521000912 -84.21023061871419
30.39965862415405 -84.21026191644239
30.399928319406172 -84.21018887002792
30.400018220971198 -84.2101784191082
30.39982040623501 -84.21006382143383
30.3994788304379 -84.21032451172577
30.400278947105132 -84.21019918652581
30.400117115295956 -84.2101783889151
30.400530649669882 -84.21007402729354
30.400440781274316 -84.21023040773153
30.40018904080779 -84.21018879045575
30.4003598630085 -84.21020958535698
30.40052169717521 -84.2102408066057
30.400683526613754 -84.21025118085346
30.400602610713666 -84.21024078195356
30.400701467139818 -84.21007397495835
30.399047196690212 -84.209907707728
30.398849328772272 -84.20956379789936
30.398903352787862 -84.20991817540455
30.398516689056112 -84.20958474818836
30.398696494504318 -84.2095742688613
30.39901115584867 -84.20956374747588
30.398912445083255 -84.21036637725028
30.398912505956478 -84.210637384692
30.398714740570327 -84.21074167756699
30.398921390638474 -84.21016833060511
30.3985438436658 -84.21038733572179
30.398786647439817 -84.21066869257592
30.398669821034684 -84.21088761775295
30.398705623569988 -84.21017881984177
30.39853481083213 -84.21019971863613
30.39903848237327 -84.21113766893349
30.399191279994067 -84.21096042609419
30.398858711056363 -84.21130449578112
30.399389043240326 -84.21084570973872
30.399631749053135 -84.21068928568923
30.398409145679643 -84.21109616164512
30.398166293994162 -84.21059591586115
30.397824744837074 -84.21098167883964
30.39807636902476 -84.2105021334582
30.397743757173426 -84.21064815924576
30.39824737114738 -84.21133594524926
30.398085401426204 -84.21068974969134
30.3979325531001 -84.21063767925752
30.398094302820866 -84.21029366251169
30.397770765521337 -84.21081492300267
30.398094557172076 -84.2114402228564
30.39838220653634 -84.21124209591781
30.398202175739534 -84.2102415132662
30.398013677541794 -84.21159659552202
30.39772569434297 -84.21028335137072
30.398148273413728 -84.21041872548643
30.39821128783439 -84.21078352151973
30.3978787239411 -84.21114843486089
30.397725734319543 -84.2104605463913
30.39721346226374 -84.21127370953806
30.39772554892954 -84.20964753394507
30.39718646366484 -84.21114863932156
30.39699767227364 -84.2111799645591
30.396898601716128 -84.21038783446683
30.397096451193796 -84.21065877691359
30.397204130176572 -84.20975192777435
30.397132496066675 -84.21103400034784
30.397069654612476 -84.21145094566945
30.39689863453902 -84.21053375854241
30.396943674778303 -84.21092982479955
30.39724046074355 -84.21139877982368
30.398175061355413 -84.2096161244158
30.397069360170526 -84.21012720352431
30.396916673534378 -84.21079433187327
30.39704231029856 -84.20978324737406
30.397347966857133 -84.20971019044802
30.398022227083253 -84.20962659522297
30.397222194482808 -84.2101167336034
30.396889480806205 -84.2098145640918
30.397869392810247 -84.20963706599723
30.39709642318884 -84.21053369888119
30.39713246841908 -84.21090892226917
30.39708739997265 -84.21038777723548
30.396898664872225 -84.21066925946982
30.396979668571742 -84.21107573829468
30.397033658957962 -84.21129460873898
30.397114457546728 -84.21077342639704
30.397204591547478 -84.21182614077073
30.3976091458108 -84.21176348474265
30.39743822209382 -84.21127364344306
30.397285270376162 -84.21075252891119
30.397267250007385 -84.21057534010558
30.397366262362535 -84.21110689342277
30.39735710706542 -84.21036684908128
30.39770801318326 -84.21163837734062
30.39739338309306 -84.21179481671544
30.39725821274058 -84.2103668790811
30.397501240888644 -84.21166970701421
30.39732126898457 -84.21091928923789
30.398562111784017 -84.2116902459901
30.39821154903827 -84.21198219968072
30.398400318317115 -84.2118466425178
30.39777106628626 -84.21220121410299
30.397950922491294 -84.21243047466615
30.398705919757745 -84.21151300750184
30.398031765584967 -84.21209690721494
30.398831841529816 -84.21177355465947
30.398490288913166 -84.21215931614996
30.398067786652234 -84.21237832531483
30.39610769837976 -84.21152418824995
30.39633229101972 -84.21076323732008
30.3962964284625 -84.2112114406953
30.39641329213924 -84.21115929076998
30.395909957008026 -84.21174312980264
30.39638637792714 -84.21141987607315
30.396071862073804 -84.21210789009632
30.39589192668217 -84.21151382810436
30.396413174322245 -84.21062771284971
30.396386256542215 -84.21086745211183
30.39590986663852 -84.21132620809111
30.39613455552158 -84.21100302705017
30.396134710106743 -84.21171179558992
30.396242659587998 -84.2120140336198
30.396269167595428 -84.20991898658572
30.39646740385008 -84.2119410075141
30.396395156130293 -84.2104609487434
30.39629649211543 -84.21150328704807
30.396368367582156 -84.21128438114157
30.396305372992234 -84.21100297634635
30.39644916148848 -84.21074235614033
30.395927808617078 -84.21114901105362
30.396350448030248 -84.21156580985128
30.396314333396724 -84.21086747356068
30.396080371726374 -84.20992946778262
30.395945752660023 -84.21098223699764
30.39637729843881 -84.21101337808992
30.396089681326277 -84.21135742449975
30.396287463153147 -84.21132609725844
30.39646695146806 -84.20989807947655
30.395990625842906 -84.21062783989791
30.39596369185687 -84.21079461678337
30.396008564533407 -84.21044021953239
30.39487633565543 -84.2130462954167
30.39509185584401 -84.21185801895334
30.395136996836957 -84.21275438059253
30.395532281492393 -84.21137843393453
30.3948222787543 -84.21249389518023
30.394992775586132 -84.21100336595623
30.39534362692454 -84.21204556012006
30.395460178643436 -84.21056546141219
30.395639911326267 -84.21023187078879
30.39504662756206 -84.2105968548692
30.395460264514767 -84.21095111221943
30.394885081265247 -84.21187892438647
30.3948671316442 -84.21202485060383
30.3949479150137 -84.21142029690417
30.394965854836805 -84.21123267868684
30.395064556807906 -84.21036754450078
30.394840206908576 -84.2122437398293
30.39548741525091 -84.21177452101745
30.395487470997175 -84.2120350959605
30.395019700572547 -84.21079489899485
30.394920986782306 -84.21161834060271
30.395514162919227 -84.21075305916895
30.395433608003998 -84.21241033911328
30.396512459571586 -84.21243088063561
30.393959014708106 -84.21161862006953
30.393896698390932 -84.21463083564386
30.393860332813407 -84.21261923991453
30.393905179517198 -84.2121189315276
30.39435508202504 -84.21398449820686
30.394301213460714 -84.21435973593489
30.394066681702963 -84.21062841834534
30.39401284799284 -84.21111830806007
30.394192362863024 -84.20981539746188
30.39328523347394 -84.21402647414965
30.39445352898423 -84.21181651128042
30.394507378937917 -84.21138915709935
30.394372888586492 -84.21311939447376
30.394561225195726 -84.21095137954826
30.394354815297785 -84.21267121571417
30.39459710790326 -84.21059699016321
30.394588715326364 -84.21340075345472
30.39443563480524 -84.21222300900219
30.394444921552704 -84.21366136478312
30.39462467901019 -84.21341116656907
30.394813742612858 -84.21475567262252
30.394840647224555 -84.21441170900344
30.394849586587576 -84.21415113340558
30.393006340268737 -84.21307807953532
30.393132258933147 -84.2133386135134
30.392655596163483 -84.2125049278943
30.39257486300695 -84.2133804563734
30.39299681791791 -84.21059747179002
30.392844165270564 -84.21143133504128
30.39333890302824 -84.21268192266665
30.39350945436807 -84.21143114049745
30.392925005829955 -84.2110977842023
30.393212967719226 -84.21234842969854
30.393069079580865 -84.21215043835686
30.39280830489175 -84.21190036759158
30.393149405018036 -84.20950303722712
30.393095554037778 -84.2098991182797
30.391315626051004 -84.21065009049839
30.391513772412978 -84.212296797737
30.392592056094106 -84.20974293306391
30.39140567964265 -84.21132753003629
30.39135176453073 -84.21145261654443
30.39173851462829 -84.21221335322473
30.392214867151427 -84.21156701349587
30.39196332496217 -84.21245300960258
30.39127038860905 -84.20939939826613
30.39221474178799 -84.21099376782502
30.392421093054065 -84.20911762573328
30.393706838377927 -84.20962793692028
30.393491382223896 -84.21101423436538
30.39235001156567 -84.21293234310161
30.390282253243303 -84.2130892525922
30.389769960752023 -84.2138814952058
30.38991378627496 -84.21377723272218
30.390560890990162 -84.21277650166512
30.388906999801637 -84.21447579677206
30.389491465686163 -84.21494465023322
30.38821437670302 -84.21267293321505
30.389113674463022 -84.21394420454726
30.389680189806533 -84.21455897382387
30.38863687727348 -84.21244352516804
30.38888819188262 -84.21052575212816
30.389130993036925 -84.21079665921444
30.387944686551123 -84.21277723057555
30.38931978433708 -84.21076533576722
30.38881705518975 -84.21426737453332
30.38888815199754 -84.21034857313559
30.389752037680914 -84.21417332681762
30.389526614223538 -84.21099456585779
30.389068023096307 -84.21062992101771
30.389365477344306 -84.21430891948248
30.389491083665124 -84.21301651398623
30.389931039957645 -84.21035867905705
30.38943721786305 -84.21339173356607
30.38910480867013 -84.21457996827364
30.386237284118376 -84.21680060269888
30.386453079254665 -84.2169464599498
30.386659896541172 -84.21716527434538
30.385967335716707 -84.21549791894569
30.385742585594805 -84.21555008509326
30.385742631924913 -84.21580021209233
30.387190212077783 -84.21649813517718
30.38575167576796 -84.2160920247253
30.385877592202032 -84.21637338719394
30.385760331662436 -84.21432028929284
30.38572448490823 -84.21491435025423
30.385733530719698 -84.21520616275102
30.38572442884168 -84.2146225354767
30.386012070820538 -84.21436191108815
30.385868158995503 -84.21402844573537
30.386192034873776 -84.21517478039613
30.386254829718535 -84.214455645517
30.38617399061918 -84.21484128082676
30.386137978872277 -84.21458074007435
30.38629072394346 -84.2141117095643
30.38551731697685 -84.21295507969697
30.385571344526124 -84.21337194236682
30.385481518215393 -84.21375757828984
30.385589209993952 -84.21280915260529
30.385535138881053 -84.21219427338451
30.385625229527893 -84.2130905351332
30.38559812654181 -84.21245480404762
30.385562050179484 -84.21191287335799
30.385481167765207 -84.2120588036391
30.385489893060633 -84.2108394351104
30.385445028436223 -84.21123548172963
30.385498757282324 -84.21027664808973
30.385507993066064 -84.21138137026949
30.38548084455456 -84.21057888953641
30.385417876686514 -84.21042257963059
30.3855259122294 -84.21109997275612
30.385517042230152 -84.2116523379243
30.386183116809402 -84.21556039687496
30.38697461966262 -84.21750912977431
30.387837408917946 -84.21588307076634
30.386210164909304 -84.21597727045572
30.38686672958313 -84.21747788837096
30.3881250727032 -84.21572666657362
30.389059982158223 -84.21523658563055
30.388484667197496 -84.21561193248044
30.38879032117543 -84.21550763335259
30.38844853811945 -84.21472605046958
30.38733387745131 -84.21550799841745
30.38820584341379 -84.21496582433916
30.387558594323153 -84.2152786547382
30.387837259091015 -84.21508056277497
30.38708219092375 -84.21574776983968
30.387873000187035 -84.21394453538406
30.386749258597046 -84.21423665287821
30.388160764639792 -84.21430923623578
30.387423515554694 -84.21412183158651
30.387261727346484 -84.21431989472912
30.38667739641626 -84.21454933357991
30.387144835902888 -84.21423654858194
30.387909086357663 -84.21458027934382
30.387432623672954 -84.21472631323924
30.38763927265684 -84.21405924147982
30.386668561050048 -84.21536225636967
30.387396383785926 -84.21331933436159
30.38694683865358 -84.2131943920601
30.387414421441182 -84.21360072713894
30.387495212074658 -84.21299622085849
30.3872165312724 -84.21310051903296
30.387171712155336 -84.21375712437921
30.386875004125123 -84.21363213910888
30.387432118471036 -84.21222500000607
30.38753993668972 -84.21191230484268
30.387252264134517 -84.21200618661167
30.386955601118856 -84.21210007039437
30.38777366010502 -84.21178717155347
30.38805232411194 -84.21160991360587
30.387495097330888 -84.21244384716546
30.386919755734954 -84.21265245110176
30.38741417503747 -84.21240218143758
30.38718045757284 -84.21255857912969
30.387692861876378 -84.2123291475589
30.387953559074273 -84.21221442959235
30.387404954666238 -84.21132870401784
30.38714413696778 -84.21089105199535
30.38760272736868 -84.21125569088659
30.387117289328653 -84.21145385368949
30.387431815674113 -84.21082843346251
30.387333065558376 -84.21148505703886
30.386874575837737 -84.21157898954942
30.38763845195713 -84.21019261994685
30.387710334768325 -84.21001542115012
30.386334823626015 -84.21009921940609
30.385930279621856 -84.21020356298106
30.387197889493716 -84.21004684474048
30.387269738550764 -84.20972373694103
30.385921359796015 -84.21051622503956
30.38677531243078 -84.20992190944553
30.387161994156116 -84.21033867483148
30.38684734450409 -84.2104013028025
30.385930403786695 -84.21075592782583
30.38700903634522 -84.209807194469
30.38744068456407 -84.21028647953503
30.38748549114646 -84.20965071507788
30.385966550632286 -84.2116000976115
30.386452031865954 -84.2115999565154
30.385939516021434 -84.21130829003228
30.386164184110292 -84.2108913439127
30.38593945883849 -84.2110477405524
30.386406852716313 -84.21056818870392
30.386316939435062 -84.2105265277045
30.386433973970792 -84.21124561265515
30.386353092298368 -84.21139154479108
30.386388946249653 -84.21090169898733
30.386461441846873 -84.21361140663312
30.38602083664855 -84.21323633403166
30.38648826440526 -84.21288185670504
30.385984658543016 -84.21219414547505
30.386461368042777 -84.21324663541127
30.386434173789922 -84.21217317349931
30.386002744297297 -84.21269439568493
30.38600280250427 -84.21297578930645
30.386443243147927 -84.21254836412517
30.38603887868251 -84.21353856681242
30.386245624022372 -84.2133717586277
30.386227532229725 -84.21282981900927
30.385984711265106 -84.21244427309206
30.386209409540626 -84.21215239348743
30.391255345247384 -84.22715942263159
30.390239277717463 -84.22567956993586
30.39002350940642 -84.22569002397525
30.39011341220663 -84.22567958838341
30.39787247415019 -84.22938912891698
30.404703679063253 -84.2175258956554
30.40449684974169 -84.21723407237934
30.394867840673726 -84.21557907028598
30.402842323460415 -84.21559792409514
30.410242245543305 -84.22055817171855
30.39527182020649 -84.212597998361
30.394605930523714 -84.20985696129884
30.39552364824784 -84.21306696282333
30.38651736847047 -84.22676400768961
30.386499373957868 -84.22662852361586
30.386490373980205 -84.22653472650217
30.386364555719133 -84.22700373496188
30.3865713552357 -84.22721214839767
30.386553351921467 -84.22698286576212
30.386562351579073 -84.22707666297754
30.40039894004618 -84.23168202934114
30.395894474860036 -84.22807604053592
30.3948783733389 -84.22616876779605
30.400911302733707 -84.2303686150282
30.399571831035626 -84.23179675754794
30.399544815080052 -84.23110881337058
30.399319988373634 -84.23017072720366
30.397548814909225 -84.22932662476589
30.397980494285527 -84.23122361166256
30.397809586462916 -84.22996241427015
30.39586770922519 -84.23060884219754
30.394806822341447 -84.23032752519349
30.394797802977457 -84.2299418778799
30.394312196352466 -84.22842018846134
30.394779759131378 -84.22914973762137
30.394788781651673 -84.22954580771406
30.394770736308732 -84.22876409052337
30.39416844448656 -84.22954587409592
30.39476170680451 -84.22831590597326
30.393952531696485 -84.22787824370681
30.394303158011315 -84.22788862307357
30.393215338490933 -84.22808679028802
30.392891692794617 -84.22818063424347
30.392550092883397 -84.22857673758857
30.39265800619571 -84.22891025125035
30.39276591780698 -84.22923334294124
30.39361097105425 -84.22871210991816
30.39315245558623 -84.22864962640088
30.39419539040412 -84.22923318540536
30.39429436759335 -84.23029630731821
30.393952732632467 -84.23029634125155
30.393934788589075 -84.2308070618227
30.39312565751749 -84.23086967443558
30.394203126084797 -84.21889370631764
30.394364998094478 -84.21917508906472
30.390778738390523 -84.22602343322922
30.389816742795368 -84.2258047005826
30.38715540799615 -84.22424177081372
30.407752263808707 -84.22314389560938
30.392528999796895 -84.20921139576971
30.392916171742826 -84.21181695477509
30.39351903293586 -84.21427655891148
30.395370465762422 -84.21143059627282
30.396332534574793 -84.21187850772138
30.39633226777362 -84.21065900644174
30.401152791127487 -84.21946550282895
30.40536039790273 -84.22013175748516
30.40775219725368 -84.22263310457514
30.405549877773964 -84.22531248271142
30.396811666185584 -84.23013971017929
30.40089338601546 -84.23128589138776
30.39961675902858 -84.23142150998235
30.400443839449434 -84.23088983746999
30.4012799202497 -84.23052493292242
30.399625698254304 -84.2306710215434
30.40146874288513 -84.2308688946038
30.400902388047786 -84.23146309137452
30.40043487385706 -84.23125466171572
30.400911354925196 -84.23110868897848
30.389583008251954 -84.22595064769547
30.38955601347368 -84.22573178190459
30.389574004418765 -84.22582558058285
30.38941216717556 -84.22573180291019
30.394177094933145 -84.22590829562293
