30.3939665,-84.2286128
30.3936239,-84.2279681
30.3943291,-84.2288319
30.3941779,-84.2299366
30.3942722,-84.2308306
30.3935029,-84.2301083
30.3930631,-84.2305093
30.3930009,-84.2300682
30.3934962,-84.2308394
30.3952209,-84.228885
30.3952252,-84.2286044
30.3952229,-84.2280682
30.3952584,-84.2296009
30.3951911,-84.2295258
30.3952044,-84.22932
30.3951833,-84.2290888
30.3951357,-84.2288423
30.3953874,-84.2303346
30.3952677,-84.2301547
30.3952179,-84.2299369
30.3952548,-84.2298039
30.3951958,-84.2297363
30.395693,-84.2309663
30.3957887,-84.2310264
30.3959219,-84.2308355
30.3956751,-84.2305679
30.3953493,-84.2310109
30.3953891,-84.2309057
30.3954993,-84.231073
30.3955358,-84.2309567
30.3956582,-84.2310893
30.3951902,-84.2309582
30.3952134,-84.2308303
30.3949393,-84.2309023
30.3961355,-84.2282019
30.3965042,-84.2284072
30.3964484,-84.2282841
30.3966574,-84.2285473
30.3956397,-84.2295588
30.3955078,-84.2279223
30.3959651,-84.2286006
30.3956749,-84.2286448
30.3956384,-84.2292097
30.3956346,-84.2293848
30.3959763,-84.2301971
30.3960315,-84.2300016
30.3960691,-84.2297813
30.3961487,-84.2296013
30.3961779,-84.2293953
30.3953173,-84.2282474
30.4004326,-84.2301551
30.400122,-84.2301275
30.4013614,-84.2317987
30.4013658,-84.2316858
30.4015092,-84.231696
30.4016648,-84.2318415
30.4016877,-84.2317172
30.4008915,-84.2316925
30.4010591,-84.2318024
30.4010618,-84.2316794
30.4012043,-84.2316863
30.4005519,-84.2316953
30.4008998,-84.2308861
30.4011005,-84.2309829
30.4005421,-84.231086
30.400547,-84.2314176
30.4000758,-84.2307444
30.4002515,-84.2306575
30.4004392,-84.2306707
30.4000792,-84.2310673
30.4002606,-84.2310632
30.4000944,-84.2308845
30.4002394,-84.2316953
30.400397,-84.2318014
30.4000903,-84.2314295
30.4000918,-84.2312426
30.3996177,-84.2312403
30.3997156,-84.2310684
30.3996214,-84.2308791
30.4000832,-84.2316965
30.3996282,-84.2316902
30.3997768,-84.2316899
30.3997409,-84.2317989
30.3991286,-84.2310536
30.399117,-84.2313116
30.399103,-84.2315259
30.3993637,-84.2318228
30.3994746,-84.2317077
30.3996325,-84.2301865
30.39962,-84.2303453
30.399243,-84.230628
30.3991919,-84.2308365
30.3980729,-84.2307803
30.3981421,-84.2305028
30.3982432,-84.2300808
30.3985146,-84.2300933
30.3988387,-84.230136
30.3979637,-84.2316351
30.3980988,-84.2317841
30.3980796,-84.2316639
30.3983012,-84.2315697
30.3983559,-84.231336
30.3972884,-84.2314671
30.397441,-84.2315496
30.3975881,-84.231531
30.3977346,-84.2315868
30.3978931,-84.2317272
30.3978326,-84.2311834
30.3969636,-84.2313753
30.3971435,-84.2314126
30.3970843,-84.2309449
30.3972245,-84.2310156
30.397378,-84.2310646
30.397519,-84.2311035
30.3976638,-84.2311459
30.3977226,-84.2302396
30.3976331,-84.2305401
30.3977446,-84.2304841
30.3975956,-84.2306638
30.3966093,-84.2312791
30.3971809,-84.2305435
30.3972452,-84.2303528
30.3972939,-84.2301049
30.3974327,-84.2298041
30.3965797,-84.2308338
30.3967347,-84.2308712
30.39614,-84.2311374
30.3963089,-84.2311807
30.396457,-84.2312295
30.3969978,-84.2295601
30.3962684,-84.2307265
30.396438,-84.230784
30.3965372,-84.2296439
30.3964495,-84.2298956
30.3964293,-84.2301059
30.3963515,-84.2302899
30.3967368,-84.2304072
30.3967758,-84.229333
30.3969842,-84.2288964
30.3973135,-84.2290754
30.3903185,-84.2256907
30.3902098,-84.2257656
30.3900929,-84.2257796
30.3899759,-84.2257788
30.3907993,-84.2261713
30.3908467,-84.2262629
30.3908907,-84.2264013
30.3914612,-84.2264118
30.390954,-84.2251342
30.3906708,-84.2256547
30.3907055,-84.2257827
30.390733,-84.2259148
30.3983081,-84.2296217
30.3958263,-84.2297746
30.401249,-84.2307338
30.397345,-84.2292847
30.396864,-84.2299253
30.4004435,-84.2315054
30.3986553,-84.229547
30.3956353,-84.2297325
30.3912306,-84.2260822
30.3906109,-84.2251583
30.3910487,-84.2262323
30.3910831,-84.2263544
30.391267,-84.2262126
30.3910883,-84.2256217
30.3911597,-84.2258569
30.3912002,-84.2259892
30.3909034,-84.2257489
30.391126,-84.2257253
30.3906264,-84.2254054
30.3912435,-84.225558
30.3913431,-84.2259136
30.3914056,-84.2267247
30.391369,-84.2265837
30.3913496,-84.2264996
30.3907075,-84.2253915
30.3909409,-84.2258644
30.3910107,-84.2261139
30.3909796,-84.2259926
30.3908647,-84.2256226
30.3908263,-84.2253834
30.391305,-84.2263483
30.3910769,-84.2253625
30.39102,-84.2253682
30.3911484,-84.2253562
30.3911292,-84.2265363
30.3909343,-84.2253737
30.391154,-84.2266695
30.3903069,-84.2271821
30.3899628,-84.2262453
30.3881051,-84.2273389
30.3877033,-84.2264206
30.388801,-84.2263481
30.3896693,-84.226708
30.3888986,-84.2267391
30.3880309,-84.2264042
30.3902697,-84.2266578
30.3883558,-84.2268077
30.3906389,-84.226635
30.3901355,-84.2271882
30.3904525,-84.2262081
30.3888811,-84.2265347
30.3882184,-84.2268755
30.3899479,-84.2271861
30.3879279,-84.2273677
30.3881781,-84.2263875
30.3904135,-84.2266428
30.3897107,-84.226276
30.3883272,-84.2263803
30.3900468,-84.2264442
30.3905699,-84.2267684
30.3882872,-84.2273398
30.3902999,-84.226229
30.3877331,-84.2268463
30.3880596,-84.2268294
30.3901447,-84.2262432
30.3883663,-84.2269536
30.3877551,-84.227393
30.389589,-84.226484
30.3878738,-84.2264144
30.3879082,-84.2268391
30.3895554,-84.2263592
30.3889365,-84.2263304
30.3900903,-84.2266386
30.3909399,-84.2271022
30.386693,-84.2265068
30.3872134,-84.2268924
30.3870745,-84.2270461
30.3867593,-84.2269416
30.3868331,-84.2264974
30.3873724,-84.2268822
30.3868694,-84.226721
30.3870656,-84.2269175
30.3869125,-84.2269269
30.3872108,-84.2264555
30.3873648,-84.2264505
30.3870561,-84.2264776
30.3869541,-84.2266864
30.3869416,-84.2264885
30.3873389,-84.2259232
30.3867149,-84.2259431
30.3867794,-84.2259368
30.3870059,-84.2260193
30.386895,-84.2260289
30.3869997,-84.2259203
30.3871084,-84.2259089
30.3868909,-84.2259303
30.3872254,-84.2260016
30.38712,-84.2260485
30.3866746,-84.2260438
30.3867886,-84.2260731
30.3872214,-84.2259058
30.3880559,-84.2258415
30.3879323,-84.225947
30.3882598,-84.2259242
30.387832,-84.225855
30.3881512,-84.2259308
30.3884796,-84.2259066
30.3876812,-84.2258977
30.3884694,-84.2258108
30.3880389,-84.2259876
30.3878205,-84.2259552
30.3879439,-84.2258499
30.3882783,-84.2258258
30.3887268,-84.2260308
30.3883724,-84.2259207
30.3887092,-84.2257918
30.3888351,-84.2257836
30.3887157,-84.2258792
30.3883867,-84.2258141
30.3881601,-84.2258264
30.3878104,-84.2256263
30.3862836,-84.2254891
30.3871582,-84.2254314
30.3877446,-84.2256368
30.3884403,-84.2253307
30.3897747,-84.2252256
30.3879336,-84.2256171
30.3863599,-84.2257218
30.3866056,-84.225711
30.3873674,-84.2256724
30.3880579,-84.2256105
30.3864704,-84.2260531
30.3869867,-84.2256988
30.3867775,-84.2257086
30.3863031,-84.2265571
30.3877215,-84.2253851
30.3901244,-84.2251973
30.3872398,-84.2256782
30.3893115,-84.2252518
30.3864882,-84.2257156
30.3862819,-84.2257267
30.386478,-84.2261989
30.3864675,-84.2259662
30.3868594,-84.225702
30.3871669,-84.2256876
30.3867708,-84.2254604
30.3862733,-84.2259813
30.3886529,-84.2255601
30.3884498,-84.2255761
30.3887749,-84.2255556
30.388527,-84.2255682
30.3898029,-84.2257355
30.3899844,-84.2254601
30.3893161,-84.2255002
30.3895191,-84.2254897
30.3896431,-84.225486
30.389394,-84.2254944
30.3897797,-84.2254776
30.3898617,-84.2254659
30.3902013,-84.2254405
30.3901256,-84.2254499
30.3903293,-84.2254346
30.3909215,-84.2266084
30.3937382,-84.2292524
30.3959521,-84.2299699
30.3958715,-84.2302728
30.3959846,-84.2298437
30.3960852,-84.2295411
30.3961689,-84.2292969
30.3964507,-84.2290714
30.4005545,-84.231825
30.3865412,-84.2242795
30.3863806,-84.2247006
30.3862472,-84.2247055
30.3866872,-84.224681
30.3866789,-84.2244594
30.3863145,-84.2246974
30.3863101,-84.2244765
30.3865585,-84.2246854
30.3862328,-84.2243004
30.3871569,-84.2246488
30.3869248,-84.2244428
30.3868433,-84.2242678
30.3874667,-84.2246217
30.3860039,-84.2232877
30.3859919,-84.2229399
30.3864711,-84.2233042
30.3864008,-84.2233102
30.3865202,-84.223092
30.3865299,-84.223296
30.386383,-84.2229078
30.3866515,-84.2232918
30.3866936,-84.2228564
30.386829,-84.2230635
30.3869598,-84.2230625
30.3868319,-84.2232744
30.3869625,-84.2232784
30.3868938,-84.2230638
30.3872745,-84.2232482
30.3873603,-84.2228393
30.3872493,-84.2228501
30.3872539,-84.2229483
30.3872644,-84.2231429
30.3873832,-84.2232158
30.3873755,-84.2231242
30.3873714,-84.2230347
30.3872585,-84.2230451
30.3873674,-84.2229354
30.3873344,-84.2235497
30.3876674,-84.2238737
30.3876068,-84.2238023
30.3875509,-84.2237179
30.3875208,-84.223941
30.3873667,-84.2236417
30.3875063,-84.2236355
30.3877227,-84.2241839
30.3875803,-84.2240293
30.3876497,-84.2241102
30.3874582,-84.2238378
30.3874103,-84.2237405
30.3877267,-84.2239399
30.3874672,-84.22355
30.3874348,-84.2234605
30.3877938,-84.2240051
30.3879739,-84.224366
30.3880239,-84.2241618
30.3883581,-84.2244955
30.388375,-84.2243014
30.3880666,-84.2244065
30.388286,-84.2242604
30.3881625,-84.224454
30.3885625,-84.2245148
30.388262,-84.224475
30.3885599,-84.2242984
30.3884593,-84.2245119
30.388195,-84.2242366
30.3881065,-84.2242021
30.3884672,-84.2242924
30.3893281,-84.2241648
30.3891018,-84.2240753
30.3892719,-84.2238957
30.3894273,-84.2240627
30.3889887,-84.2241457
30.3891167,-84.2243408
30.3891868,-84.2239933
30.389224,-84.2242586
30.3895217,-84.2234492
30.3895924,-84.2238189
30.3894203,-84.2237001
30.3895152,-84.2239455
30.3893511,-84.2238085
30.389654,-84.2236757
30.3894716,-84.223575
30.3897168,-84.2235263
30.3897933,-84.2229657
30.3897903,-84.223117
30.3896021,-84.2229688
30.389599,-84.2231009
30.3897826,-84.2227259
30.3897889,-84.2228336
30.3895896,-84.2227016
30.3895965,-84.2228364
30.3899729,-84.2226352
30.3905853,-84.2225955
30.3902843,-84.2226192
30.3908952,-84.2225751
30.3899539,-84.2221343
30.3902597,-84.2221117
30.3908692,-84.2220747
30.3905698,-84.2220937
30.3924745,-84.2219627
30.3921488,-84.2219895
30.3924276,-84.222688
30.3921555,-84.2224867
30.3923048,-84.2226917
30.393026,-84.2242038
30.3931571,-84.2242098
30.3927148,-84.2242306
30.3935342,-84.2240871
30.3925849,-84.2224637
30.3941586,-84.2236479
30.3940853,-84.22407
30.394621,-84.2239334
30.3944601,-84.2239624
30.394024,-84.2236765
30.3942978,-84.2236237
30.394299,-84.2240126
30.3945823,-84.223537
30.3941639,-84.2241461
30.3944425,-84.2235833
30.3940969,-84.2230334
30.3942639,-84.2227661
30.3942099,-84.2225348
30.3943263,-84.2229307
30.3938552,-84.2229275
30.3943803,-84.223129
30.393835,-84.222703
30.3938974,-84.2231946
30.3933498,-84.2231877
30.3934594,-84.2237386
30.3932767,-84.2228414
30.3930048,-84.2225886
30.3928703,-84.2219295
30.3928531,-84.2217396
30.3929895,-84.2223987
30.3929692,-84.2213441
30.392346,-84.2199238
30.3927504,-84.2202972
30.3927693,-84.2204938
30.3926462,-84.219891
30.392899,-84.2209941
30.3941361,-84.2220033
30.3940529,-84.2221149
30.3937408,-84.2221779
30.3938935,-84.2221416
30.3936256,-84.2217171
30.393972,-84.2215715
30.3938068,-84.2216567
30.3940119,-84.2198116
30.3938767,-84.2199502
30.3937165,-84.2201022
30.3933388,-84.2202801
30.394207,-84.2197001
30.3935361,-84.22014
30.3938357,-84.2192952
30.3935208,-84.2196079
30.3932654,-84.2197262
30.3944528,-84.2217601
30.3943331,-84.2213706
30.3947927,-84.2208712
30.394915,-84.2206656
30.3944764,-84.2211776
30.3946621,-84.221046
30.3949696,-84.2213691
30.3952564,-84.2209633
30.3950832,-84.2211313
30.3946727,-84.2216676
30.3948179,-84.2215048
30.3951631,-84.2227346
30.3947727,-84.2229617
30.3946229,-84.2222945
30.3950118,-84.2223322
30.3950516,-84.2225168
30.3950264,-84.2230631
30.3949531,-84.2220142
30.3950792,-84.2228906
30.3952986,-84.2227312
30.3949072,-84.2225916
30.3946674,-84.2224963
30.3947131,-84.2227538
30.3954832,-84.2233656
30.3953505,-84.2236632
30.3951683,-84.2237355
30.3950462,-84.2233929
30.3950179,-84.2238462
30.3954407,-84.2232276
30.395549,-84.2236583
30.3953059,-84.223292
30.3949056,-84.2234367
30.3951735,-84.2233439
30.3961659,-84.2232467
30.3963307,-84.2232235
30.3960401,-84.2233477
30.3967443,-84.2229221
30.3966002,-84.2230789
30.3957612,-84.223058
30.395928,-84.2229775
30.396337,-84.2226938
30.3971066,-84.2227657
30.3964378,-84.2230926
30.3964912,-84.2225808
30.3968096,-84.222316
30.3958678,-84.2234119
30.3968908,-84.2225448
30.3962042,-84.2228221
30.3960599,-84.2228959
30.3965106,-84.2219872
30.3959842,-84.2221278
30.3954865,-84.2218495
30.3952888,-84.2216779
30.3956808,-84.2218169
30.3961198,-84.2222439
30.3960549,-84.2218153
30.3957815,-84.2214056
30.3959406,-84.2215254
30.3961775,-84.2216665
30.3955164,-84.221276
30.395804,-84.2219777
30.396105,-84.2209827
30.3951408,-84.220174
30.3953869,-84.2204297
30.3971128,-84.2219331
30.3956412,-84.2206154
30.3972828,-84.2222046
30.3967861,-84.2216041
30.3965411,-84.2213018
30.3974346,-84.2224553
30.3949139,-84.2198655
30.3963088,-84.2211015
30.3946387,-84.2195965
30.3944404,-84.2193622
30.3958433,-84.2207978
30.3964439,-84.2168383
30.3995205,-84.2155472
30.3996728,-84.2155419
30.3980816,-84.2165224
30.3975918,-84.2166101
30.3967635,-84.2167805
30.3971932,-84.2167088
30.3976795,-84.2159377
30.3972493,-84.2160256
30.4002396,-84.2154839
30.4000307,-84.2154479
30.3991134,-84.2156909
30.399985,-84.2162448
30.3993603,-84.2164191
30.4007104,-84.2152848
30.3986721,-84.2156733
30.4011907,-84.216012
30.4012582,-84.2152022
30.4051782,-84.2188848
30.4042158,-84.2169586
30.4029531,-84.2165936
30.4048338,-84.2187788
30.4061952,-84.2189987
30.4065865,-84.2181804
30.402403,-84.2150881
30.4052306,-84.2179741
30.4017692,-84.2151139
30.407848,-84.2188445
30.4071815,-84.2188492
30.4075334,-84.2180586
30.407084,-84.2181145
30.3981048,-84.2157841
30.3961029,-84.2169333
30.4020442,-84.2160256
30.4006874,-84.2161644
30.3987914,-84.2165623
30.4025279,-84.2162029
30.4016079,-84.2207679
30.4022366,-84.218885
30.4012501,-84.2201098
30.4010776,-84.2190967
30.4019443,-84.220197
30.4019014,-84.2187476
30.4018177,-84.2194509
30.4012505,-84.2194702
30.4014353,-84.2204086
30.4041908,-84.2228407
30.3962963,-84.2251698
30.3950697,-84.2258467
30.3936784,-84.2249226
30.3945395,-84.2260237
30.3957431,-84.2256161
30.3954695,-84.2257034
30.3960244,-84.2254988
30.393884,-84.2252566
30.3949042,-84.2259319
30.3939251,-84.2256181
30.3963793,-84.2248047
30.3961483,-84.2241118
30.3962857,-84.2244691
30.3945748,-84.224921
30.39462,-84.2247199
30.3955139,-84.2245167
30.3944449,-84.224937
30.394203,-84.2248285
30.3957363,-84.2242984
30.3953399,-84.2244656
30.3958486,-84.2245184
30.3954981,-84.2251188
30.3947762,-84.2253323
30.3956293,-84.2249534
30.3942574,-84.2250934
30.3943599,-84.2253977
30.3958391,-84.2247372
30.3946857,-84.2249796
30.3958869,-84.2250912
30.3960122,-84.2250341
30.3944502,-84.2255807
30.3948054,-84.2255059
30.3954512,-84.2248962
30.3956233,-84.2247472
30.3955459,-84.2252772
30.3946211,-84.225539
30.3946944,-84.225165
30.3953817,-84.2246501
30.4054723,-84.2201775
30.4053086,-84.2197224
30.4054055,-84.2199244
30.4058702,-84.2208099
30.4067573,-84.2210506
30.4055612,-84.2204231
30.4063467,-84.2210486
30.4060853,-84.2209561
30.4065677,-84.221048
30.4071876,-84.2210915
30.4052479,-84.219458
30.405651,-84.2206436
30.4069811,-84.2210633
30.4068763,-84.2213138
30.4061096,-84.2200776
30.4057719,-84.2197095
30.407297,-84.2206604
30.4059259,-84.2201077
30.4065882,-84.2205168
30.405716,-84.2195083
30.4068909,-84.2205343
30.4062848,-84.2205054
30.4070407,-84.2205986
30.4064358,-84.2205129
30.40674,-84.2205224
30.4067315,-84.2196305
30.4073038,-84.2202392
30.4072987,-84.2195998
30.4074074,-84.2204531
30.4069202,-84.2195474
30.4064404,-84.2200756
30.4067458,-84.2200642
30.4073098,-84.2200379
30.4065902,-84.2200749
30.406895,-84.2200629
30.4070453,-84.2200582
30.4062907,-84.2200755
30.4061726,-84.2196123
30.4073176,-84.2193237
30.4072993,-84.2205356
30.4045185,-84.2231843
30.4077362,-84.2208354
30.4046418,-84.2233437
30.4076277,-84.2220913
30.4076723,-84.2218184
30.4077942,-84.2196182
30.4078724,-84.2220947
30.4078708,-84.2191717
30.407827,-84.2193734
30.4077532,-84.2210718
30.407714,-84.2215623
30.4075099,-84.2229066
30.4075606,-84.2223088
30.4075178,-84.2226543
30.4075308,-84.2232121
30.4070766,-84.2229673
30.4069972,-84.2231175
30.4070689,-84.2232195
30.4071155,-84.2224483
30.4070117,-84.2225663
30.4071554,-84.2219901
30.4070437,-84.2227314
30.4072625,-84.2214806
30.4072748,-84.2217517
30.4070945,-84.2222205
30.4065613,-84.2248956
30.4069193,-84.2250024
30.4074427,-84.2246066
30.4071693,-84.2246157
30.4067524,-84.2247561
30.4062592,-84.2244056
30.4064157,-84.2247587
30.4073149,-84.2239628
30.4075293,-84.2242209
30.4063836,-84.2243534
30.4072477,-84.2244873
30.4073265,-84.224097
30.406319,-84.2242172
30.4073232,-84.2247873
30.4075147,-84.2239595
30.4062366,-84.2242635
30.406519,-84.2245947
30.4069067,-84.2247738
30.4065993,-84.2246955
30.4062092,-84.2241295
30.4075216,-84.2240951
30.4073284,-84.2242237
30.4062967,-84.2240785
30.4070376,-84.2247233
30.4067327,-84.2249755
30.407513,-84.224417
30.4063144,-84.2245933
30.4071329,-84.2249303
30.4063888,-84.2244849
30.4073097,-84.2243623
30.4061531,-84.2256491
30.408242,-84.2245556
30.4072343,-84.2258237
30.406127,-84.2258281
30.4081317,-84.2248976
30.4082842,-84.224212
30.4079995,-84.2251672
30.4055772,-84.2252506
30.4053842,-84.2246435
30.4055517,-84.2250069
30.4054205,-84.2250664
30.4069696,-84.2258688
30.4071865,-84.2252569
30.4064323,-84.225149
30.4075976,-84.2247905
30.4069767,-84.2252532
30.4068119,-84.2252635
30.4077342,-84.2239582
30.4059999,-84.2247653
30.4058254,-84.2241546
30.4077434,-84.2243057
30.4078457,-84.2242719
30.4073246,-84.22511
30.4077356,-84.224427
30.4058548,-84.2243284
30.407468,-84.2249788
30.4059109,-84.2246631
30.4076904,-84.2246034
30.4062774,-84.2250436
30.4061283,-84.224918
30.4066214,-84.2252302
30.4093386,-84.2226503
30.4092805,-84.223086
30.4093903,-84.2224488
30.4094357,-84.222024
30.4094378,-84.2215509
30.4077369,-84.2213135
30.4104799,-84.2225818
30.4101697,-84.2227864
30.4099341,-84.2225918
30.410263,-84.2225924
30.4101455,-84.222559
30.4099147,-84.2216129
30.4103719,-84.2226024
30.410589,-84.2225952
30.4098127,-84.2225726
30.4100586,-84.221717
30.4101003,-84.2216034
30.4098341,-84.2227797
30.4107066,-84.2225496
30.4106713,-84.2216723
30.410404,-84.2216633
30.4107549,-84.221724
30.4105156,-84.2216788
30.4102274,-84.2216126
30.4102819,-84.2216491
30.410179,-84.221775
30.4106237,-84.2217919
30.4103706,-84.2211671
30.4102449,-84.2211759
30.4104796,-84.2214089
30.4100447,-84.2213492
30.4101424,-84.2211258
30.409877,-84.2211098
30.4105835,-84.2212036
30.4103652,-84.2213945
30.410595,-84.2213985
30.4107915,-84.2212321
30.4104716,-84.2211737
30.4107827,-84.2214399
30.4106851,-84.2212076
30.4100383,-84.2211328
30.4107866,-84.2206624
30.4099844,-84.2205841
30.410226,-84.2206588
30.4106305,-84.2206798
30.4108498,-84.2207066
30.4100938,-84.2205979
30.4107416,-84.2207916
30.4098469,-84.2202692
30.4097619,-84.2191673
30.4095096,-84.2197352
30.4095713,-84.2199134
30.4094853,-84.2190322
30.4096261,-84.2200907
30.4100449,-84.2202736
30.4096264,-84.2195591
30.4094191,-84.2188136
30.4098051,-84.2193264
30.4092884,-84.2190506
30.4099216,-84.2196503
30.4097463,-84.2198925
30.4094068,-84.2194074
30.4092427,-84.2188158
30.410133,-84.2201987
30.4094686,-84.219593
30.4098716,-84.2195018
30.4099625,-84.2198033
30.4101152,-84.2188985
30.4102775,-84.2194025
30.4101878,-84.2191294
30.4102294,-84.2192631
30.4104202,-84.2196606
30.4105817,-84.2187304
30.4103329,-84.2190183
30.410082,-84.2187168
30.4101511,-84.2190339
30.4102934,-84.2189028
30.4103396,-84.219522
30.410502,-84.2193557
30.4105075,-84.2188458
30.4106005,-84.2195068
30.4110407,-84.2193957
30.41074,-84.2190994
30.4108308,-84.2198851
30.4108276,-84.2201098
30.4110117,-84.2196085
30.4107447,-84.2189982
30.4105921,-84.2189077
30.4109044,-84.2193009
30.4108276,-84.2192191
30.410811,-84.2203194
30.4106628,-84.219141
30.411597,-84.2209143
30.4112575,-84.2203485
30.4112156,-84.2205994
30.4114924,-84.2197334
30.411606,-84.2207335
30.4114371,-84.2203897
30.410708,-84.2227884
30.4116382,-84.2197778
30.4112208,-84.2204662
30.4111925,-84.2207187
30.4116583,-84.2209336
30.41125,-84.2201679
30.4110601,-84.2223539
30.4110747,-84.221823
30.4112817,-84.2218907
30.4110764,-84.2220833
30.411219,-84.2227659
30.4111139,-84.2217056
30.4110402,-84.2226099
30.4110528,-84.222482
30.4110303,-84.2230261
30.4111191,-84.2215834
30.4110666,-84.2222176
30.4110985,-84.2219607
30.4110254,-84.2227583
30.4111459,-84.2214516
30.4007866,-84.2256144
30.4005241,-84.223976
30.401719,-84.2263266
30.4004639,-84.2243873
30.4028992,-84.2259631
30.4020878,-84.226397
30.4006736,-84.2254335
30.4028866,-84.2262373
30.4006524,-84.2237661
30.4028788,-84.2260966
30.4019018,-84.2263415
30.4022786,-84.2264237
30.4027854,-84.2265681
30.4005279,-84.2250463
30.4005362,-84.2241854
30.4026027,-84.2265222
30.4024476,-84.2264586
30.4029508,-84.2257043
30.4005265,-84.224832
30.400594,-84.2252436
30.4015428,-84.2263264
30.4029134,-84.2258441
30.4013538,-84.2262639
30.4008657,-84.2258053
30.4004569,-84.2246112
30.402989,-84.2255755
30.4029971,-84.2254389
30.4020852,-84.2243211
30.4021995,-84.2243471
30.4028251,-84.2246201
30.4029712,-84.224916
30.4030336,-84.225296
30.4029162,-84.2247576
30.4023205,-84.2243933
30.4026907,-84.2245152
30.4025624,-84.2244504
30.4024322,-84.2246445
30.4024379,-84.2244061
30.4030474,-84.2251016
30.4016332,-84.2241439
30.4014186,-84.2240546
30.4018625,-84.2242251
30.4010913,-84.2239501
30.4019696,-84.2242791
30.4015309,-84.2241016
30.4013152,-84.2239979
30.4017477,-84.2241938
30.4009889,-84.2239173
30.4012019,-84.2239656
30.4013465,-84.2257668
30.4011012,-84.2252758
30.4010662,-84.2244212
30.4009501,-84.2249556
30.4016264,-84.2258062
30.4012094,-84.2255058
30.4008861,-84.2245536
30.4011342,-84.2249482
30.4020301,-84.22586
30.4010763,-84.2245969
30.4008893,-84.2243533
30.4011026,-84.2247869
30.4009008,-84.2247521
30.4018332,-84.2258258
30.4016082,-84.2251921
30.4018213,-84.2252563
30.4020783,-84.2253649
30.402493,-84.225418
30.4023909,-84.2261008
30.4024263,-84.2258442
30.4024191,-84.2259732
30.4024817,-84.2255929
30.4024631,-84.2257239
30.4024362,-84.2252486
30.4021428,-84.2249089
30.4020292,-84.2248741
30.4023643,-84.2251128
30.4019251,-84.2248257
30.4022502,-84.2249988
30.4018172,-84.224799
30.401712,-84.2247654
30.401321,-84.2247762
30.4015945,-84.2247151
30.4014755,-84.2247211
30.4034909,-84.2095816
30.4030706,-84.2102061
30.4028339,-84.2111846
30.4033127,-84.2095457
30.4035152,-84.2098316
30.4031966,-84.2100139
30.4036434,-84.2096114
30.4030612,-84.2115731
30.4032519,-84.21137
30.4036677,-84.2098529
30.4032862,-84.2098048
30.4038432,-84.2098904
30.4024846,-84.2106322
30.4026017,-84.2108186
30.4037951,-84.2096272
30.4036061,-84.2100934
30.4027156,-84.2109822
30.4035339,-84.2102872
30.4030688,-84.2108984
30.4034562,-84.2104518
30.403241,-84.2107369
30.4033467,-84.2105942
30.4027028,-84.2097744
30.4027963,-84.209501
30.4029168,-84.2094974
30.4029058,-84.2097736
30.4026806,-84.2095023
30.4028127,-84.2097717
30.4025674,-84.2094985
30.4024813,-84.2097751
30.4025907,-84.209774
30.402457,-84.2094988
30.4023728,-84.2097745
30.4022596,-84.209773
30.4023463,-84.2095044
30.4022354,-84.2095013
30.4020406,-84.2097748
30.4020133,-84.2094895
30.4021502,-84.2097821
30.4021243,-84.209499
30.4014616,-84.2094963
30.4012663,-84.2097764
30.4017323,-84.2097738
30.4018385,-84.2097728
30.4013534,-84.2095057
30.4015743,-84.2095064
30.4011142,-84.2097766
30.4013721,-84.2097673
30.4014875,-84.209768
30.4011105,-84.2094921
30.4015964,-84.2097739
30.401904,-84.2095057
30.4019275,-84.2097667
30.4012406,-84.2095044
30.4016809,-84.2095054
30.4017932,-84.2094954
30.4016009,-84.2103211
30.4012903,-84.2102722
30.4014407,-84.210021
30.4011352,-84.2100222
30.4015963,-84.2100113
30.4017467,-84.2100189
30.4012902,-84.2100102
30.4011342,-84.2102628
30.4014424,-84.2102655
30.4017461,-84.210305
30.4022053,-84.2103425
30.4020479,-84.2100188
30.4022052,-84.2100198
30.4023533,-84.2102668
30.4020474,-84.2103045
30.4018976,-84.2103144
30.4018967,-84.2100224
30.402351,-84.210019
30.4025047,-84.2100145
30.4025037,-84.2102004
30.4007223,-84.2095239
30.4006378,-84.2095235
30.4007357,-84.2098514
30.4005517,-84.2095215
30.4002104,-84.2095404
30.4001248,-84.2095471
30.4002957,-84.209531
30.4004698,-84.2095368
30.4003823,-84.2095318
30.3993569,-84.2095325
30.3999542,-84.2095541
30.4002111,-84.2098366
30.4000405,-84.2095741
30.3994405,-84.2095497
30.3998692,-84.2095448
30.399698,-84.2095371
30.399784,-84.2095383
30.3995239,-84.209861
30.399613,-84.2095383
30.3996134,-84.2098651
30.3995271,-84.2095303
30.3998381,-84.2102057
30.3995728,-84.2103005
30.3994027,-84.2103736
30.3997498,-84.2102339
30.3996597,-84.2102643
30.3999341,-84.2101952
30.4000259,-84.2101825
30.3998195,-84.2100683
30.3994865,-84.2103299
30.4002785,-84.2102086
30.4001169,-84.2101819
30.4005363,-84.2100759
30.4004409,-84.2102359
30.4001946,-84.2101922
30.4003608,-84.2102204
30.4005211,-84.2102485
30.4006877,-84.2102593
30.4006054,-84.2102521
30.4007041,-84.2100834
30.3990527,-84.2099159
30.3988543,-84.2095748
30.3989071,-84.2099279
30.3985234,-84.2095895
30.3987039,-84.2095788
30.3990144,-84.2095722
30.3989162,-84.2103748
30.3989138,-84.210645
30.3987202,-84.2107522
30.3989208,-84.2101729
30.3985472,-84.2103929
30.3987923,-84.210672
30.3986773,-84.2108931
30.3987056,-84.2101858
30.3985361,-84.2102019
30.3990451,-84.2111404
30.3991915,-84.2109635
30.3988612,-84.2113054
30.3993886,-84.210852
30.3996344,-84.2106932
30.398408,-84.2111014
30.3981691,-84.2106057
30.397824,-84.210982
30.3980767,-84.2105071
30.3977443,-84.2106504
30.3982478,-84.211337
30.3980907,-84.2106943
30.3979319,-84.2106386
30.3980933,-84.2102975
30.3977745,-84.210816
30.3980935,-84.2114439
30.3983829,-84.2112431
30.3982081,-84.2102474
30.3980191,-84.2116012
30.3977287,-84.210286
30.3981508,-84.2104283
30.3982179,-84.2107889
30.3978774,-84.2111513
30.3977299,-84.2104653
30.3972202,-84.211276
30.3977276,-84.2096499
30.397188,-84.2111552
30.3970006,-84.2111812
30.3969014,-84.2103981
30.3970965,-84.2106618
30.3972061,-84.2097599
30.3971335,-84.2110405
30.3970731,-84.2114607
30.3969021,-84.2105385
30.3969455,-84.2109342
30.3972407,-84.2114049
30.3981811,-84.209617
30.3970721,-84.2101374
30.3969236,-84.2107969
30.3970492,-84.2097887
30.3973505,-84.2097183
30.3980226,-84.2096284
30.3972266,-84.2101261
30.3968919,-84.2098189
30.3978734,-84.2096405
30.3970994,-84.2105352
30.3971371,-84.2109168
30.3970885,-84.210395
30.3969005,-84.2106713
30.3969832,-84.2110769
30.3970353,-84.2113042
30.3971178,-84.2107837
30.3972073,-84.2118276
30.3976102,-84.2117641
30.3974446,-84.2112754
30.3972912,-84.2107607
30.3972736,-84.2105754
30.3973689,-84.2111128
30.3973644,-84.2103727
30.3977119,-84.2116482
30.3973922,-84.2117983
30.3972623,-84.2103703
30.3975009,-84.2116759
30.3973216,-84.2109293
30.3985686,-84.2116924
30.3982159,-84.2119871
30.3984031,-84.2118567
30.3977756,-84.2122013
30.3979518,-84.2124324
30.3987103,-84.2115154
30.3980365,-84.2121068
30.3988357,-84.2117807
30.3984937,-84.2121663
30.3980677,-84.2123871
30.3961145,-84.2115264
30.3963387,-84.2107646
30.3962998,-84.2112141
30.3964169,-84.2111627
30.3959168,-84.2117514
30.3963883,-84.211423
30.3960706,-84.2121101
30.3958912,-84.2115213
30.3964153,-84.2106302
30.3963915,-84.2108757
30.3959088,-84.2113267
30.3961344,-84.2110112
30.3961334,-84.2117168
30.3962458,-84.2120236
30.3962729,-84.2099266
30.3964737,-84.2119505
30.3963962,-84.2104665
30.3963028,-84.2115062
30.3963757,-84.2112906
30.3963046,-84.2110124
30.3964506,-84.21075
30.3959299,-84.211151
30.3963566,-84.2115698
30.3963198,-84.2108678
30.3960855,-84.2099371
30.395952,-84.2109823
30.3963787,-84.2110184
30.3960961,-84.2113582
30.3962919,-84.2113338
30.3964683,-84.2099017
30.3959948,-84.2106333
30.3959712,-84.2108035
30.3960125,-84.2104497
30.394883,-84.2130529
30.3950932,-84.2118616
30.3951427,-84.2127573
30.3955338,-84.2113779
30.3948218,-84.2124957
30.3949988,-84.2110064
30.3953446,-84.2120448
30.3954667,-84.2105727
30.395646,-84.2102355
30.3950506,-84.210597
30.3954644,-84.2109534
30.3948889,-84.2118795
30.3948712,-84.2120313
30.3949504,-84.2114207
30.3949698,-84.2112378
30.3950716,-84.2103735
30.394841,-84.2122433
30.3954874,-84.2117833
30.395487,-84.2120438
30.3950266,-84.2108016
30.394925,-84.211619
30.3955219,-84.2107587
30.3954326,-84.2124193
30.3965152,-84.2124317
30.3939641,-84.2116206
30.3938976,-84.2146306
30.3938628,-84.2126271
30.3939109,-84.2121223
30.3943597,-84.213987
30.3943069,-84.2143616
30.3940733,-84.2106301
30.3940121,-84.2111204
30.3942001,-84.20982359999999
30.3932904,-84.214035
30.394458,-84.2118211
30.3945132,-84.2113926
30.394376,-84.2131242
30.3945639,-84.2109521
30.3943574,-84.2126727
30.3946026,-84.2106001
30.3945882,-84.2134053
30.394436,-84.2122266
30.3944436,-84.2136645
30.3946229,-84.2134139
30.3948206,-84.2147636
30.3948467,-84.2144195
30.3948534,-84.2141512
30.3930103,-84.2130851
30.3931347,-84.2133392
30.3926569,-84.2125059
30.3925759,-84.2133869
30.3930003,-84.2106045
30.3928449,-84.2114355
30.393344,-84.2126895
30.3935112,-84.2114382
30.3929285,-84.2110998
30.3932142,-84.2123559
30.3930757,-84.2121577
30.3928154,-84.2119009
30.3931507,-84.2095065
30.3930988,-84.209908
30.3913202,-84.2106557
30.3915181,-84.2122967
30.3925956,-84.2097501
30.3914098,-84.2113302
30.3913588,-84.2114586
30.3917436,-84.2122161
30.3922196,-84.2115741
30.3919697,-84.2124552
30.3912705,-84.2093979
30.3922156,-84.2110012
30.3924271,-84.2091261
30.3937091,-84.2096371
30.3934975,-84.211022
30.3923519,-84.2129408
30.3902855,-84.213093
30.3897769,-84.2138865
30.3899126,-84.2137772
30.390562,-84.2127836
30.3889063,-84.2144797
30.3894973,-84.2149479
30.3882165,-84.2126774
30.3891196,-84.2139466
30.3896861,-84.2145641
30.3886411,-84.2124506
30.3888874,-84.2105272
30.3891307,-84.2107962
30.3879454,-84.2127804
30.3893275,-84.2107694
30.3888216,-84.2142748
30.3888888,-84.2103545
30.3897552,-84.2141773
30.3895263,-84.2110003
30.3890726,-84.2106297
30.389368,-84.2143111
30.389497,-84.2130214
30.3899312,-84.2103601
30.3894436,-84.2133931
30.3891093,-84.2145789
30.3862352,-84.2167982
30.3864564,-84.2169443
30.3866618,-84.2171665
30.3859692,-84.2155038
30.3857438,-84.2155528
30.3857451,-84.2158019
30.387194,-84.216499
30.3857522,-84.2160894
30.3858805,-84.2163756
30.385764,-84.2143224
30.385728,-84.2149193
30.3857353,-84.2152109
30.385727,-84.214623
30.3860189,-84.214359
30.3858732,-84.2140313
30.38619,-84.2151731
30.3862555,-84.2144611
30.3861762,-84.2148406
30.3861429,-84.2145777
30.38629,-84.2141182
30.385516,-84.21296
30.3855769,-84.2133719
30.3854882,-84.2137593
30.3855941,-84.2128154
30.385538,-84.212195
30.385625,-84.2130957
30.3855983,-84.2124608
30.3855619,-84.2119124
30.3854858,-84.2120552
30.3854912,-84.2108408
30.3854503,-84.2112397
30.3855031,-84.2102766
30.3855084,-84.2113813
30.3854826,-84.2105788
30.3854203,-84.2104239
30.385531,-84.2111026
30.3855165,-84.2116558
30.3861832,-84.2155649
30.3869762,-84.2175143
30.3878368,-84.2158839
30.3862119,-84.215974
30.3868668,-84.2174745
30.3881257,-84.2157273
30.3890611,-84.2152383
30.3884867,-84.2156093
30.3887914,-84.2155048
30.3884529,-84.214732
30.3873354,-84.2155071
30.3882094,-84.2149651
30.387561,-84.2152837
30.3878383,-84.2150787
30.3870808,-84.2157531
30.3878776,-84.2139513
30.3867487,-84.2142403
30.388166,-84.2143098
30.3874286,-84.2141193
30.3872651,-84.2143179
30.3866785,-84.214547
30.3871459,-84.2142352
30.387909,-84.214586
30.3874355,-84.2147233
30.3876391,-84.2140663
30.3866719,-84.2153624
30.3874002,-84.2133229
30.3869463,-84.2131946
30.3874201,-84.213599
30.3874963,-84.2129941
30.3872192,-84.213103
30.3871735,-84.2137631
30.3868796,-84.2136342
30.387438,-84.2122292
30.3875397,-84.2119142
30.3872577,-84.2120124
30.3869555,-84.2121041
30.3877803,-84.2117897
30.3880511,-84.2116174
30.3874985,-84.2124458
30.3869203,-84.2126516
30.3874134,-84.212404
30.3871849,-84.2125642
30.3876991,-84.2123363
30.3879547,-84.2122146
30.3874122,-84.2113324
30.3871514,-84.2108888
30.3876048,-84.211258
30.387116,-84.2114598
30.3874309,-84.2108257
30.3873392,-84.2114821
30.3868735,-84.2115771
30.3876433,-84.2101953
30.3877098,-84.2100127
30.3863358,-84.2101021
30.3859295,-84.2102057
30.387199,-84.210044
30.387277,-84.2097312
30.3859246,-84.2105226
30.3867798,-84.209922
30.3871614,-84.2103444
30.3868502,-84.2104045
30.3859371,-84.210762
30.3870099,-84.209812
30.3874463,-84.2102916
30.3874901,-84.2096578
30.3859701,-84.2116058
30.3864515,-84.2116036
30.3859446,-84.2113125
30.3861648,-84.2108916
30.3859391,-84.2110475
30.3864143,-84.2105658
30.3863205,-84.210529
30.3864336,-84.2112489
30.3863535,-84.211391
30.3863948,-84.2109085
30.3864622,-84.2136129
30.3860212,-84.213234
30.3864874,-84.2128813
30.3859847,-84.2121995
30.3864644,-84.2132439
30.3864371,-84.2121745
30.3860021,-84.2126969
30.3860032,-84.2129785
30.386444,-84.2125462
30.3860372,-84.2135389
30.3862502,-84.213369
30.3862318,-84.2128276
30.3859874,-84.2124413
30.3862111,-84.2121515
30.3912542,-84.2271567
30.39024,-84.225676
30.3900226,-84.2256921
30.3901101,-84.2256824
30.397873,-84.2293947
30.4047074,-84.2175272
30.4044997,-84.2172383
30.3948726,-84.2155804
30.4028403,-84.2156023
30.4102478,-84.2205679
30.3952783,-84.2126015
30.3946073,-84.2098649
30.3955286,-84.2130665
30.3865174,-84.2267685
30.3865034,-84.2266307
30.3864942,-84.226537
30.3863621,-84.2270054
30.3865764,-84.2272168
30.3865532,-84.2269853
30.3865624,-84.227079
30.4003982,-84.2316812
30.3958965,-84.2280773
30.3948792,-84.2261757
30.4009109,-84.2303672
30.3995756,-84.2317951
30.3995493,-84.2311094
30.3993186,-84.2301764
30.3975527,-84.2293294
30.3979816,-84.2312246
30.3978131,-84.2299646
30.3958682,-84.2306107
30.3948101,-84.2303248
30.3947987,-84.2299419
30.3943086,-84.2284169
30.3947809,-84.2291564
30.3947867,-84.2295422
30.3947705,-84.2287635
30.3941664,-84.2295505
30.3947603,-84.2283135
30.3939511,-84.2278828
30.3943025,-84.2278861
30.3932162,-84.2280837
30.3928895,-84.2281856
30.3925538,-84.2285818
30.3926554,-84.228909
30.3927627,-84.2292373
30.3936072,-84.2287098
30.3931497,-84.2286499
30.3941974,-84.2292394
30.3942981,-84.230297
30.3939512,-84.2302941
30.3939374,-84.2308111
30.3931295,-84.2308736
30.3942048,-84.2188964
30.3943665,-84.2191754
30.3907795,-84.2260273
30.3898168,-84.2258065
30.3871529,-84.22424
30.4077498,-84.223152
30.3925346,-84.2092201
30.3929235,-84.2118216
30.3935253,-84.2142787
30.3953753,-84.211431
30.3963348,-84.2118869
30.3963394,-84.2106637
30.4011565,-84.2194715
30.405364,-84.2201409
30.4077529,-84.222633
30.4055547,-84.2253167
30.3968153,-84.2301451
30.4008978,-84.2312827
30.3996136,-84.2314237
30.4004428,-84.230893
30.401277,-84.2305242
30.3996233,-84.2306679
30.4014729,-84.2308691
30.4008989,-84.231462
30.4004387,-84.2312527
30.4009075,-84.2311054
30.3895856,-84.2259539
30.3895542,-84.2257357
30.3895766,-84.2258264
30.3894126,-84.2257306
30.3941791,-84.2259055