 1093 1553
 1155 1515
 1072 1594
  966 1577
  880 1587
  949 1502
  911 1453
  953 1446
  879 1501
 1067 1693
 1093 1693
 1145 1693
  998 1697
 1005 1690
 1025 1691
 1047 1689
 1071 1684
  927 1712
  945 1698
  966 1693
  978 1697
  985 1690
  867 1746
  861 1756
  879 1771
  905 1744
  863 1707
  873 1712
  857 1724
  868 1728
  855 1742
  868 1690
  880 1692
  873 1662
 1132 1795
 1112 1836
 1124 1830
 1099 1853
 1002 1740
 1159 1725
 1094 1776
 1090 1744
 1035 1739
 1019 1739
  941 1777
  959 1783
  981 1787
  998 1796
 1018 1799
 1128 1704
  945 2273
  947 2238
  787 2376
  798 2377
  797 2392
  783 2410
  795 2412
  797 2324
  787 2342
  798 2343
  798 2359
  797 2286
  875 2325
  865 2347
  855 2285
  824 2285
  888 2233
  896 2253
  895 2273
  857 2233
  858 2254
  875 2235
  797 2251
  787 2269
  822 2235
  840 2235
  841 2182
  857 2193
  875 2182
  797 2234
  797 2183
  797 2200
  787 2196
  858 2128
  834 2126
  813 2125
  785 2154
  796 2166
  942 2184
  926 2182
  899 2140
  879 2135
  885 2010
  911 2018
  952 2029
  951 2059
  947 2095
  803 1998
  788 2013
  800 2011
  809 2036
  831 2042
  819 1923
  811 1940
  813 1956
  807 1973
  794 1990
  846 1984
  828 1887
  824 1907
  869 1900
  862 1916
  857 1933
  854 1949
  850 1965
  937 1971
  908 1961
  913 1974
  896 1957
  837 1847
  907 1911
  926 1918
  950 1924
  978 1939
  880 1844
  876 1861
  850 1795
  846 1814
  842 1831
 1002 1891
  890 1810
  884 1828
  994 1839
  970 1830
  949 1827
  932 1819
  920 1862
 1024 1866
 1065 1889
 1048 1926
 1373 1148
 1366 1136
 1365 1123
 1365 1110
 1327 1201
 1318 1206
 1305 1211
 1304 1275
 1426 1218
 1377 1187
 1364 1191
 1352 1194
  996 2036
  981 1760
  889 2364
 1028 1929
  967 1876
  815 2274
 1003 2075
  985 1739
 1336 1249
 1424 1180
 1321 1229
 1309 1233
 1323 1253
 1380 1233
 1357 1241
 1344 1246
 1367 1213
 1370 1238
 1400 1182
 1386 1251
 1352 1262
 1274 1269
 1287 1265
 1295 1262
 1402 1191
 1356 1217
 1332 1225
 1344 1221
 1380 1208
 1403 1204
 1310 1257
 1405 1232
 1404 1226
 1405 1240
 1292 1238
 1403 1216
 1279 1241
 1230 1146
 1320 1108
 1215  902
 1303  857
 1310  979
 1275 1076
 1272  990
 1305  893
 1280 1142
 1266  929
 1282 1183
 1229 1127
 1323 1163
 1292  988
 1259  914
 1230 1107
 1212  882
 1306  910
 1282 1158
 1317 1080
 1307  926
 1301 1118
 1270 1176
 1215  922
 1321 1146
 1262  860
 1264  896
 1320 1128
 1252  931
 1210  863
 1297 1067
 1304  876
 1263  880
 1309 1063
 1312  994
 1282 1122
 1238 1217
 1295  744
 1258  802
 1243  787
 1253  752
 1296  760
 1259  820
 1274  764
 1255  786
 1254  769
 1300  802
 1300  819
 1298  785
 1278  774
 1297  772
 1351  816
 1349  747
 1349  754
 1342  779
 1341  767
 1351  779
 1352  791
 1350  766
 1343  804
 1339  792
 1339  742
 1336  755
 1352  803
 1359  896
 1348  882
 1351  919
 1357  871
 1350  907
 1352  943
 1353  854
 1362  942
 1345  894
 1348  870
 1358  884
 1360  921
 1340  971
 1351  931
 1363  969
 1364  983
 1355  969
 1361  933
 1360  908
 1379  869
 1392  699
 1398  796
 1378  861
 1408  939
 1418 1087
 1380  882
 1370  707
 1371  735
 1375  819
 1381  896
 1338  720
 1372  777
 1371  754
 1290  701
 1402  859
 1420 1126
 1374  805
 1415 1036
 1371  722
 1370  699
 1324  721
 1347  719
 1372  763
 1373  797
 1395  753
 1345  698
 1386  962
 1384  940
 1386  976
 1385  948
 1369 1090
 1395 1111
 1391 1036
 1392 1059
 1393 1073
 1392 1045
 1394 1088
 1395 1097
 1397 1135
 1396 1126
 1398 1149
 1285 1215
 1031 1528
  962 1774
  933 1765
  975 1778
 1004 1789
 1027 1798
 1049 1830
  784 2286
 1508  728
 1468  710
 1468  695
 1470  744
 1491  743
 1468  702
 1490  702
 1470  730
 1506  693
 1473  796
 1493  770
 1510  761
 1476  831
 1604  668
 1637  666
 1602  720
 1602  712
 1622  725
 1603  726
 1640  710
 1603  740
 1645  745
 1625  760
 1625  774
 1605  760
 1605  774
 1625  767
 1607  809
 1647  819
 1646  806
 1636  807
 1618  808
 1611  821
 1619  820
 1628  820
 1627  807
 1637  819
 1579  816
 1547  853
 1554  846
 1562  840
 1541  837
 1570  819
 1570  835
 1518  859
 1532  843
 1525  851
 1551  830
 1560  824
 1541  859
 1578  831
 1587  827
 1535  867
 1500  887
 1520  892
 1488  930
 1506  932
 1496  897
 1510  922
 1492  908
 1486  952
 1490  919
 1507  952
 1486  941
 1513  912
 1516  902
 1507  942
 1519 1038
 1528 1012
 1545 1031
 1529 1049
 1521 1000
 1503 1014
 1536 1022
 1510 1026
 1588 1059
 1553 1067
 1564 1048
 1541 1058
 1554 1040
 1566 1074
 1576 1054
 1581 1081
 1635 1089
 1620 1089
 1634 1068
 1622 1068
 1658 1088
 1647 1089
 1660 1067
 1647 1067
 1666 1109
 1670 1177
 1668 1144
 1672 1212
 1714 1107
 1717 1141
 1720 1209
 1718 1176
 1731 1388
 1728 1351
 1661 1382
 1681 1352
 1661 1369
 1516 1449
 1515 1463
 1513 1414
 1527 1505
 1683 1400
 1569 1575
 1529 1567
 1542 1626
 1539 1608
 1566 1560
 1571 1590
 1534 1590
 1580 1622
 1521 1575
 1575 1606
 1628 1568
 1654 1587
 1676 1581
 1638 1594
 1638 1541
 1619 1600
 1660 1539
 1613 1546
 1613 1485
 1560 1497
 1646 1477
 1671 1447
 1734 1432
 1752 1430
 1689 1445
 1790 1443
 1926 1373
 1891 1418
 1872 1420
 1930 1407
 1824 1435
 1727 1572
 1716 1563
 1710 1528
 1714 1545
 1754 1516
 1768 1554
 1760 1536
 1937 1559
 1924 1544
 1909 1526
 1892 1484
 1948 1580
 1906 1506
 1987 1539
 1957 1504
 1945 1476
 1750 1608
 1788 1594
 1836 1645
 1855 1659
 1806 1610
 1819 1631
 1788 1665
 1827 1697
 1811 1678
 1759 1632
 1775 1648
 1657 1687
 1635 1643
 1699 1627
 1695 1670
 1678 1674
 1625 1671
 1726 1663
 1642 1677
 1657 1702
 1670 1658
 1680 1631
 1655 1637
 1596 1722
 1568 1707
 1561 1687
 1594 1674
 1550 1670
 1609 1717
 1568 1730
 1603 1702
 1589 1658
 1598 1688
 1608 1798
 1610 1816
 1598 1784
 1639 1862
 1624 1846
 1626 1753
 1633 1772
 1661 1817
 1654 1903
 1622 1828
 1671 1834
 1697 1870
 1592 1765
 1675 1879
 1648 1802
 1641 1786
 1728 1836
 1715 1778
 1742 1723
 1758 1701
 1745 1744
 1704 1793
 1745 1786
 1784 1755
 1773 1773
 1759 1799
 1797 1726
 1729 1758
 1825 1791
 1902 1684
 1878 1711
 1734 1903
 1860 1740
 1708 1922
 1765 1867
 1794 1840
 1684 1939
 1932 1659
 1813 1814
 1958 1628
 1980 1606
 1843 1762
 2223 1829
 2346 2171
 2347 2188
 2253 2011
 2244 1957
 2228 1865
 2235 1912
 2309 1966
 2301 1919
 2352 2251
 2356 2228
 2333 2126
 2279 2223
 2263 2153
 2372 2304
 2334 2077
 2302 2357
 2380 2365
 2026 2801
 2211 2694
 2246 2553
 2036 2762
 2015 2914
 2094 2957
 2390 2492
 2114 2806
 2388 2421
 2030 3098
 2030 3023
 2105 3063
 2100 3013
 2324 2014
 2213 1791
 2301 2452
 2287 2301
 2249 2090
 2283 2506
 1845 2403
 2026 2473
 1909 2364
 2006 2344
 1900 2441
 2039 2436
 1972 2427
 1970 2364
 1880 2384
 1647 2691
 1423 1813
 1358 1676
 1447 1521
 1341 1617
 1380 1751
 1372 1721
 1391 1782
 1415 1544
 1350 1658
 1380 1549
 1458 1822
 1525 1796
 1490 1811
 1447 1621
 1466 1626
 1486 1726
 1445 1607
 1456 1580
 1507 1750
 1491 1706
 1486 1763
 1428 1724
 1407 1644
 1444 1738
 1430 1586
 1401 1597
 1465 1762
 1441 1633
 1431 1767
 1436 1781
 1384 1607
 1391 1647
 1449 1719
 1464 1738
 1413 1729
 1388 1626
 1424 1634
 1473 1711
 1902 2833
 1946 2815
 1926 2826
 1841 2878
 1818 2976
 1879 2843
 1819 2931
 1827 2901
 1819 2955
 1814 3024
 1971 2808
 1857 2853
 1817 3001
 1793 2989
 1912 2904
 1947 2867
 1856 3036
 1909 2884
 1870 2957
 1966 2860
 1868 2991
 1871 2924
 1862 3008
 1870 2940
 1869 2974
 1955 2973
 1896 3037
 1958 3036
 1876 3049
 1963 2994
 1912 2941
 1913 2975
 1916 3038
 1912 2958
 1913 2992
 1914 3008
 1912 2924
 1956 2911
 1984 3039
 1868 3036
 1614 2727
 1839 3085
 1598 2741
 1718 3073
 1745 3078
 1956 3092
 1718 3100
 1999 3100
 1979 3095
 1816 3087
 1769 3083
 1640 3060
 1698 3066
 1664 3061
 1611 3062
 1634 3012
 1620 3003
 1610 3011
 1684 3016
 1673 3005
 1728 3020
 1657 3008
 1777 3032
 1751 3034
 1706 3014
 1449 2954
 1439 2994
 1477 3052
 1476 3022
 1463 2976
 1496 2921
 1463 2938
 1539 3038
 1514 3062
 1501 2935
 1489 3031
 1526 3040
 1514 2927
 1460 3039
 1539 3060
 1510 2918
 1478 2950
 1461 2993
 1469 2959
 1523 2915
 1526 3061
 1514 3040
 1528 2925
 1466 3007
 1442 2973
 1495 3060
 1478 2927
 1446 3018
 1489 2935
 1501 3038
 1377 2909
 1482 3141
 1360 3029
 1360 2906
 1449 3129
 1515 3146
 1423 3114
 1415 2845
 1474 2823
 1439 2842
 1433 2828
 1356 3000
 1415 3024
 1425 2940
 1459 3070
 1415 3001
 1414 2982
 1539 3085
 1462 2892
 1520 2873
 1506 3086
 1509 3097
 1429 3039
 1494 3085
 1504 2876
 1441 3055
 1472 2882
 1477 3080
 1435 2923
 1447 2906
 1417 2961
 1665 3263
 1623 3257
 1684 3269
 1725 3274
 1770 3274
 1793 3085
 1671 3390
 1652 3356
 1670 3330
 1670 3366
 1674 3353
 1764 3327
 1669 3378
 1670 3402
 1672 3316
 1754 3343
 1765 3348
 1652 3318
 1674 3415
 1759 3412
 1760 3382
 1754 3421
 1758 3394
 1764 3362
 1761 3368
 1749 3357
 1747 3406
 1807 3378
 1806 3364
 1784 3390
 1790 3342
 1811 3353
 1813 3323
 1804 3402
 1785 3378
 1785 3403
 1801 3425
 1807 3389
 1781 3424
 1803 3413
 1810 3341
 1856 3424
 1863 3335
 1856 3362
 1854 3407
 1851 3431
 1862 3347
 1843 3419
 1893 3320
 1999 3310
 1945 3282
 1927 3289
 2012 3280
 1910 3295
 1893 3342
 1961 3295
 2033 3272
 1984 3315
 2010 3258
 1953 3328
 1929 3309
 1976 3271
 2033 3253
 1900 3352
 1958 3278
 1967 3323
 1938 3333
 2025 3350
 1976 3368
 2003 3358
 1990 3362
 1952 3384
 2041 3402
 2013 3374
 2042 3346
 2012 3354
 2024 3370
 1965 3375
 1981 3393
 2030 3393
 1966 3404
 1977 3453
 2006 3419
 1930 3429
 1909 3429
 1957 3449
 2015 3420
 2024 3403
 1986 3437
 1994 3429
 1888 3427
 2002 3411
 1831 3515
 1886 3477
 1862 3472
 1945 3503
 1849 3516
 1882 3497
 1652 3416
 1940 3519
 1874 3473
 1850 3470
 1830 3521
 1903 3476
 1693 3455
 1744 3456
 1738 3479
 1719 3457
 1654 3472
 1755 3461
 1669 3453
 1681 3454
 1629 3451
 1767 3461
 1706 3456
 1731 3459
 1654 3451
 1780 3464
 1380 2312
 1538 2283
 1312 2416
 1498 2276
 1347 2547
 1305 2457
 1398 2300
 1321 2546
 1558 2297
 1334 2545
 1311 2436
 1303 2478
 1289 2534
 1435 2283
 1518 2284
 1293 2514
 1299 2497
 1372 2553
 1455 2283
 1416 2291
 1312 2396
 1358 2549
 1318 2375
 1362 2321
 1477 2275
 1384 2557
 1397 2558
 1504 2457
 1502 2469
 1476 2539
 1447 2555
 1411 2562
 1463 2549
 1498 2483
 1486 2524
 1492 2510
 1473 2495
 1496 2496
 1430 2564
 1522 2406
 1530 2382
 1514 2432
 1540 2346
 1509 2444
 1526 2395
 1536 2371
 1517 2419
 1543 2335
 1539 2358
 1366 2374
 1413 2347
 1495 2343
 1444 2330
 1362 2406
 1391 2359
 1482 2323
 1444 2351
 1357 2450
 1478 2344
 1501 2324
 1460 2347
 1463 2325
 1360 2429
 1421 2403
 1415 2427
 1404 2456
 1399 2502
 1334 2491
 1358 2494
 1346 2494
 1382 2501
 1370 2499
 1415 2496
 1448 2463
 1451 2450
 1429 2488
 1456 2439
 1439 2475
 1459 2427
 1462 2415
 1461 2372
 1467 2402
 1466 2389
 2919 2613
 2859 2566
 2765 2540
 2922 2593
 2895 2616
 2877 2580
 2916 2630
 2728 2565
 2747 2586
 2893 2633
 2897 2590
 2889 2652
 2818 2501
 2800 2514
 2914 2647
 2870 2626
 2784 2527
 2851 2618
 2792 2566
 2835 2609
 2808 2585
 2822 2597
 2900 2525
 2927 2536
 2927 2549
 2900 2548
 2926 2523
 2901 2537
 2927 2510
 2900 2501
 2900 2513
 2927 2498
 2900 2489
 2900 2476
 2926 2486
 2927 2473
 2900 2452
 2928 2449
 2900 2464
 2927 2461
 2927 2387
 2900 2365
 2900 2417
 2901 2429
 2926 2375
 2926 2400
 2900 2349
 2901 2377
 2901 2390
 2927 2348
 2900 2402
 2926 2436
 2901 2439
 2926 2363
 2926 2412
 2927 2424
 2848 2403
 2853 2368
 2877 2385
 2877 2351
 2878 2402
 2877 2419
 2878 2368
 2853 2351
 2853 2385
 2849 2419
 2846 2470
 2877 2452
 2877 2470
 2853 2486
 2849 2452
 2849 2436
 2877 2436
 2877 2486
 2877 2503
 2859 2503
 2924 2305
 2924 2296
 2893 2306
 2925 2286
 2923 2248
 2922 2238
 2924 2257
 2923 2277
 2924 2267
 2924 2153
 2921 2220
 2894 2248
 2920 2229
 2922 2162
 2922 2210
 2923 2191
 2923 2201
 2892 2172
 2923 2182
 2892 2182
 2924 2172
 2859 2207
 2850 2177
 2843 2158
 2856 2197
 2853 2187
 2860 2217
 2861 2227
 2872 2205
 2847 2167
 2859 2256
 2861 2238
 2871 2284
 2856 2274
 2860 2246
 2858 2265
 2855 2283
 2854 2301
 2855 2292
 2871 2303
 2887 2119
 2920 2097
 2886 2103
 2918 2060
 2919 2080
 2920 2115
 2843 2104
 2817 2104
 2807 2082
 2862 2105
 2841 2063
 2814 2090
 2793 2077
 2861 2081
 2859 2062
 2769 2118
 2786 2135
 2753 2098
 2797 2157
 2812 2184
 2773 2048
 2821 2021
 2784 1983
 2830 2011
 2816 1974
 2750 2030
 2812 2012
 2817 1995
 2850 2013
 2800 1977
 2740 2013
 2759 2045
 2855 2025
 2725 2004
 2851 1972
 2838 2019
 2803 2026
 2768 1989
 2834 1972
 2756 1915
 2912 1972
 2768 1912
 2765 1891
 2841 1880
 2815 1902
 2902 1914
 2779 1906
 2739 1899
 2827 1880
 2789 1885
 2744 1918
 2915 2022
 2866 1899
 2802 1882
 2899 1896
 2906 1930
 2914 2005
 2867 1916
 2896 1879
 2913 1988
 2827 1902
 2791 1906
 2841 1901
 2814 1880
 2775 1889
 2754 1895
 2804 1904
 2703 1914
 2709 1959
 2756 1940
 2806 1923
 2823 1921
 2772 1932
 2843 1931
 2721 1970
 2706 1935
 2843 1920
 2718 1947
 2790 1927
 2716 2065
 2688 2026
 2701 2047
 2667 1977
 2645 1997
 2733 2081
 2677 2006
 2708 2095
 2671 2057
 2650 2010
 2732 1792
 2805 1817
 2762 1813
 2767 1826
 2711 1770
 2742 1823
 2676 1788
 2733 1768
 2818 1826
 2795 1823
 2751 1770
 2782 1795
 2714 1795
 2685 1807
 2886 1810
 2692 1832
 2834 1824
 2734 1813
 2755 1821
 2782 1814
 2807 1830
 2768 1772
 2728 1819
 2795 1815
 2885 1789
 2784 1774
 2781 1822
 2748 1790
 2751 1812
 2888 1832
 2818 1779
 2802 1776
 2836 1781
 2586 1655
 2700 1679
 2614 1684
 2746 1728
 2639 1649
 2782 1668
 2682 1707
 2824 1720
 2856 1740
 2821 1674
 2787 1720
 2698 1656
 2684 1654
 2742 1663
 2760 1665
 2843 1676
 2663 1651
 2708 1723
 2683 1723
 2802 1671
 2723 1660
 2806 1726
 2647 1717
 2645 1837
 2723 1553
 2434 1546
 2627 1542
 2675 1547
 2496 1597
 2460 1591
 2818 1565
 2771 1559
 2896 1579
 2492 1478
 2704 1608
 2745 1614
 2579 1599
 2787 1620
 2622 1597
 2821 1624
 2552 1623
 2665 1606
 2527 1607
 2551 1627
 2422 1648
 2455 1651
 2480 1652
 2583 1447
 2558 1461
 2638 1408
 2554 1399
 2821 1446
 2741 1429
 2621 1484
 2741 1503
 2773 1438
 2653 1470
 2672 1454
 2696 1425
 2926 1463
 2888 1457
 2816 1259
 2658 1281
 2903 1401
 2751 1269
 2739 1263
 2666 1306
 2728 1359
 2643 1331
 2936 1254
 2783 1359
 2963 1382
 2914 1525
 2781 1501
 2597 1374
 2582 1144
 2506 1087
 2516 1103
 2612 1175
 2449  991
 2404 1056
 2622  914
 2500 1014
 2441 1077
 2644  961
 2828  989
 2802 1016
 2612  884
 2805 1037
 2469  981
 2845  989
 2478 1085
 2783 1060
 2818 1009
 2465 1042
 2589 1056
 2844 1105
 2553 1050
 2439 1013
 2226  694
 2212  718
 2191  741
 2351  664
 2346  639
 2322  639
 2255  800
 2294  640
 2267  654
 2464  641
 2407  637
 2379  638
 2435  637
 2460  669
 2492  653
 2382  689
 2451  696
 2414  687
 2439  683
 2484  700
 2595  614
 2555  620
 2518  610
 2609  622
 2668  616
 2582  626
 2643  623
 2695  619
 2681  610
 2798  611
 2760  606
 2852  612
 2746  613
 2823  610
 2838  603
 2773  615
 2720  614
 2345  688
 2158  776
 2314  872
 2305  691
 2161  764
 2329  904
 2376 1008
 2340  944
 2350  978
 2425  940
 2350  816
 2402  913
 2372  841
 2391  872
 2327  788
 2500  876
 2472  751
 2465  908
 2483  826
 2464  808
 2442  743
 2472  795
 2439  880
 2425  827
 2489  850
 2364  742
 2560  823
 2572  773
 2533  825
 2591  834
 2581  803
 2518  798
 2530  765
 2665  827
 2695  839
 2686  807
 2677  774
 2707  865
 2724  896
 2644  834
 2624  770
 2648  825
 2633  799
 2655  856
 2666  885
 2751  824
 2793  795
 2758  846
 2739  792
 2799  827
 2736  816
 2727  765
 2860  850
 2877  858
 2869  705
 2859  660
 2874  801
 2905  809
 2829  659
 2886  754
 2846  797
 2840  762
 2806  660
 2897  780
 2851  828
 2912  833
 2725  664
 2725  718
 2753  661
 2793  686
 2778  661
 2824  713
 2828  703
 2759  716
 2745  707
 2792  711
 2532  719
 2568  670
 2602  722
 2668  666
 2567  719
 2670  716
 2620  668
 2593  668
 2634  717
 2539  672
 2555  695
 2607  693
 2644  666
 2672  691
 1232 1252
 1374 1139
 1373 1115
 1374 1125
 1018 1988
 2156 2748
 2184 2725
 2343 1654
 2341 2541
 1865 3364
 2629 1699
 2892 1625
 2584 1727
 1270  725
 1283  723
 1292  722
 1247  708
 1227  731
 1249  729
 1240  730
  798 2269
 1144 1768
 1327 1655
  924 2326
  787 2177
  853 2174
  943 2149
 1024 1952
  842 2000
  963 1981
  901 1765
  928 1647
  965 1646
 1111 1592
 1041 1644
 1003 1645
 1078 1643
 1003 1576
 1121 1642
 1163 1552
 1162 1591
 1143 1470
 1134 1434
 1096 1396
 1064 1408
 1033 1420
 1083 1514
 1089 1463
 1033 1579
  931 1590
  931 1552
  882 1550
  876 1460
 2025 1580
 1998 1598
 1341 1199
 1362 1092
 1512  796
 1617 3087
 2954 1394
 2704 1437
 2468 1504
 2741 1710
 2698 1817
 2815 1817
 1970 2353
 1906 2821
 1666 3087
 1409 2842
  946 1870
  836 2324
  823 2182
  874 2274
  909 2367
  895 2183
  876 2388
  819 2325
  839 2273
  853 2326
 1348 1066
 1369 1063
 1360 1065
 1369 1047
 1352 1577
