  1093.090382193264 1581.734851395918
  938.2386665725166 1460.529818239035
  883.0383139067835 1465.195754810888
  1072.073163721554 1687.758059630157
  872.5261594764884 1687.497779877144
  1141.265006557262 1702.172510464722
  1104.467555646061 1707.472055895790
  957.6223872812454 1779.495758748359
  1004.161902588772 1791.981907529302
  794.5292796008875 2373.734571953547
  791.6308012486995 2408.215814076011
  801.9941005200093 2329.196544790786
  795.5225891238369 2345.085856446557
  792.4469249726907 2289.495865639297
  864.3028821390047 2331.850199225985
  886.5371983899703 2235.360295714118
  862.2830547594036 2238.337596022053
  794.5224257963348 2266.155199970547
  791.0699838301961 2154.686640468804
  791.8069887871706 2176.332005701824
  936.3233069802093 2178.772737820257
  901.4606782473285 2006.898265891547
  798.1609703215613 2013.720650193058
  797.9585422644011 1989.874408337656
  914.3723952883652 1971.497473959273
  877.0859013672954 1894.980596968931
  987.7092713872569 1742.319586626695
  882.6280839991308 2365.536880303305
  802.1834181073306 2275.047672356256
  824.3151817237467 2280.231658825324
  1349.215490408045 1247.787212568355
  1405.957888716540 1175.700527159723
  1301.803847577293 1264.267949192430
  1406.352792014817 1220.437611872223
  1290.797954117385 1208.286752268250
  1306.613919147157 986.5235271471915
  1259.731508248620 925.8779414884226
  1275.534223332750 1175.095463481014
  1314.226497308103 1118.000000000000
  1218.256096650651 919.1971986943809
  1307.488807646629 1066.170998027703
  1245.190740631002 1235.678596158717
  1258.212443275518 762.8193880675596
  1251.850748187357 783.5011986292004
  1364.005830586394 938.9215779253236
  1380.609773723765 863.8266352072736
  1372.136095995341 701.7466488459776
  1375.557216898459 748.9148246263976
  1375.706686121384 800.1610124698609
  1298.761227769754 728.4352874765988
  1386.693016148715 943.1076138345659
  1364.169912525247 1093.114495136089
  1393.993590356098 1039.601971760019
  1397.277915299247 1083.885929257216
  1398.993590356098 1129.601971760019
  972.7616291150175 1774.066825663730
  908.4183408899998 1757.876416689593
  1026.884832150369 1798.245353538120
  1473.527899738387 739.8351806547445
  1470.136095995340 704.7466488459774
  1465.642090274694 805.4372145234015
  1492.876663967251 784.7448204327392
  1606.039625486559 729.1023498616680
  1623.774791397160 804.9637887193989
  1535.497811504491 836.9834581982104
  1656.794175008132 1089.759001468580
  1532.587555977463 1496.051606889077
  1524.722794001317 1574.898404480063
  1641.097036771628 1587.788782035094
  1625.474336783709 1550.934290805432
  1597.479497789602 1503.551892314678
  1923.589505562308 1402.567663216425
  1818.951988601763 1696.112008848033
  1759.574924340410 1640.441995598776
  1667.227538065404 1641.554815297510
  1574.498594488913 1720.429525404214
  1599.842183957349 1679.236661370975
  1659.573487285716 1882.974391986487
  1727.251710239229 1772.739854766165
  1756.477491278048 1789.197791022226
  1967.449474681966 1607.219055542418
  2339.837830629384 2210.056764339372
  2209.168944947946 2575.026993781920
  2089.079759081842 3028.443580403962
  1872.093610914210 2400.754577567800
  2022.846023831521 2448.295054866399
  1957.821361301760 2376.468400691746
  1972.005623647120 2354.827119263034
  1384.992691495053 1735.193819695079
  1434.718851651663 1806.983217854987
  1448.118092922047 1623.683548359221
  1442.501678098041 1590.850593358415
  1440.960261086570 1727.273993572355
  1358.097463253397 1599.989006840437
  1386.056439534632 1607.909905738973
  1394.646107963122 1642.303061929711
  1907.733713092796 2824.610472848862
  1810.275779884321 2989.137015975942
  1876.990087353944 3043.700801089703
  1724.931409374661 3081.385746854515
  2016.751604060717 3107.761623728753
  1672.003245019217 3070.557221886791
  1619.450309170719 3068.494112240253
  1620.064199427759 3004.657934128838
  1545.858500486804 3069.303588963358
  1501.630837637999 3134.307040516954
  1432.143511273326 2837.135230852516
  1424.137531490117 2930.688787828696
  1505.249747746275 3086.906328743153
  1689.837763857838 3277.250562250516
  1667.976713323898 3359.559481718202
  1667.203854621024 3321.288521790484
  1807.431469083065 3344.332660211813
  1798.922280799287 3422.134284712353
  1806.189496309046 3409.715191343238
  1860.195835788572 3360.282184685825
  1922.469001852652 3295.800641446649
  1954.899831683839 3282.644324383079
  1940.622244698906 3328.244032839363
  2019.636661009838 3355.758303660037
  2020.950857875671 3374.540045082638
  2030.667994298175 3397.806988787170
  1976.042181742717 3450.883659025709
  2014.486324407030 3419.088472873297
  2004.145025893338 3418.533811670420
  1853.382793818965 3467.743065891959
  1832.161089202392 3516.805822680906
  1882.829665238577 3478.644191188793
  1941.628044360642 3504.473542203782
  1747.670274648981 3454.709983164217
  1736.339703382648 3461.444413502963
  1658.569356288831 3455.671579771950
  1553.089214293301 2298.282416367383
  1293.515113109900 2531.209838585617
  1306.695999751582 2487.155094099533
  1490.260223412969 2500.973639372165
  1454.616648679377 2353.124400448755
  2916.513824498123 2597.456500079134
  2889.079388653372 2626.114336505528
  2887.869247014664 2578.422019259460
  2919.716146166744 2243.940513039874
  2861.361956411233 2208.954542368260
  2857.377982222188 2286.003723800236
  2856.543768912666 2298.616861640834
  2818.964236740924 2101.329834231375
  2856.569185597538 2099.901389824762
  2855.711866447013 2065.808366026959
  2783.074006386673 2049.771104042604
  2830.209079741630 2015.025710542597
  2812.946608693157 2017.921805300903
  2811.506553226287 1979.200686379870
  2848.468051970342 2017.179035852494
  2893.296589225539 1890.674401806872
  2712.783941904056 1958.614612557656
  2690.106912330432 2042.443653353159
  2721.216783434231 2079.011532137047
  2797.182233192876 1817.923638108637
  2727.857300147536 1797.149385697362
  2696.645680949487 1810.738128398559
  2785.011143762440 1811.439150140144
  2855.149022373546 1770.642178606870
  2704.980564019252 1663.787834949567
  2677.876459045656 1715.207067281640
  2691.692334829902 1831.585940092691
  2438.789846219565 1546.383217998698
  2551.576251056746 1618.351407504402
  2621.642931444768 1480.727243935636
  2791.459949588146 1455.119869128589
  2697.294242187510 1434.282214787788
  2668.648155282722 1289.691598479601
  2618.281127083409 1373.967190427475
  2804.455245234531 1017.328307855325
  2453.353854282363 982.0855547993369
  2460.098257478164 1070.019673731430
  2798.997098327823 1056.370806300282
  2354.462973349965 646.3891270172086
  2470.183935590359 652.4112130155874
  2446.875718623829 684.4404068081230
  2595.249183662808 616.0984376171720
  2759.985827764926 606.1992619524312
  2326.989433244260 788.0281748920342
  2408.161483479982 888.7076470135693
  2467.457844402968 807.3978261334809
  2576.433689959391 818.9075746170210
  2680.797082794538 823.4986927771287
  2648.750616295603 826.4153197209609
  2737.626550510260 815.1851342773582
  2892.481195929011 796.2380215167261
  2856.049326009146 806.4284410338739
  2792.346620265819 668.5807303035728
  2744.990365253280 707.2997291008873
  2606.822156415067 675.7908993809492
  2612.227568542818 711.4865523354278
  2553.972010240325 679.3785109230091
  2664.630585013610 669.9121381999025
  2616.827107285083 1695.473223851184
  1288.940308581738 719.9983631079762
  1253.455376836335 723.0370558039658
  906.1389743436767 2362.773307848454
  1065.743856225755 1653.165830597886
  1022.409172214402 1569.571936157809
  855.0826332233547 2283.539758476469
  985.1831880694754 1691.115912509934
  997.8168119305246 1695.884087490065
  879.1567280718878 1770.452828919754
  864.3771439264475 1755.156949191086
  1128.930711039785 1782.390820762294
  1097.074624991165 1773.063804584545
  982.5344332174327 1826.964891552842
  991.1534666603666 1797.657830937577
  851.6153779889381 2179.159832664739
  858.7878300991474 2186.337601113599
  798.2331235412082 2184.685553817444
  793.5537681541861 2195.289353378315
  988.8665132968203 2046.839870179705
  960.1094241030914 2045.157544157840
  842.8418713214764 1972.134168017724
  815.3181203505650 1964.709723191951
  953.0433159524096 1968.555604720167
  963.7397858820208 1941.172717920832
  934.1449861403951 1858.184526261690
  941.9380416568125 1828.904895228035
  1374.030255182567 1206.263228725177
  1370.770268002889 1192.969666602151
  1305.473463713250 1238.560636601515
  1312.805802607133 1252.575815075978
  1275.366596658361 1134.710226592087
  1234.994175678847 1136.430688253133
  1344.059059438021 892.8823018990572
  1310.003888050466 898.9438782823627
  1268.241389391072 869.2523706502539
  1298.041660005941 867.1672278989483
  1293.289114729911 767.6550026718825
  1279.330890932770 770.2418278048298
  1341.419125070578 748.3233625804773
  1347.179906178238 749.2424480629531
  1366.733547372186 786.0069827001364
  1354.957331040043 785.9422065669823
  1376.448607671832 889.1267032699336
  1361.982707667708 890.0144961399738
  1351.831403361059 711.6995744908153
  1366.304587121285 712.5839027360402
  1373.549753593304 1053.872649632654
  1388.018965605858 1052.986431571427
  1376.408822583994 1120.009409151640
  1391.179282132718 1118.915750935462
  1501.402868327387 759.6339361898683
  1495.288432307512 743.6814217114008
  1637.671709594894 709.3726021811266
  1628.400540502173 674.5751445166902
  1623.046610456643 764.2346696135575
  1608.906779086712 765.5306607728850
  1614.496855675710 818.2224970434047
  1613.507211695263 811.5685581439468
  1580.733982879928 826.7192708562536
  1576.886922951182 819.3085468721333
  1492.112047566748 925.3835866806139
  1504.670875950942 927.9827710748444
  1557.368215889886 1047.368944138124
  1549.244861159280 1058.784550262572
  1627.843918322914 1071.462343252907
  1627.695102096356 1084.672070933865
  1709.455289003785 1192.716788920770
  1681.116042165393 1194.165464374482
  1568.098834695063 1597.037357412880
  1542.089459492050 1600.505897329885
  1642.233796673563 1634.588734340283
  1630.905942563156 1602.248780605714
  1761.559358651495 1591.602323388055
  1753.610056273333 1574.413039408845
  1960.632422280039 1528.566175461498
  1935.452125661858 1548.531681712205
  1671.733715908625 1671.388797028452
  1656.486798170937 1683.036746799308
  1739.451890965907 1875.658964334642
  1722.975821740419 1861.196071939681
  2291.121548939866 1938.099250292290
  2252.859397172282 1939.871014595081
  2274.730550881144 2120.495442010738
  2321.314532052562 2112.150568178446
  2311.623650331876 2336.815141812151
  2358.102183825017 2333.149588663214
  2111.240111012381 2797.421134167977
  2042.636982381591 2782.630460731071
  1480.482766125063 1714.089387818715
  1481.836441459510 1724.281003732775
  1938.443061259360 2889.372707939057
  1916.238888517796 2892.917132905898
  1967.256827636070 3086.762481058906
  1970.939510127720 3045.076717641730
  1759.155060189016 3039.932394629317
  1755.630661403111 3073.274481039816
  1451.420728779510 2964.044415635699
  1460.785032519704 2966.809357008534
  1458.597236600217 3023.801235150195
  1467.001973856987 3017.856260607003
  1419.871004217113 2990.110109332408
  1435.048417467104 2988.541348431602
  1472.520775005267 3070.897664013864
  1480.461792047018 3059.034787125709
  1507.274228977755 3042.798492207066
  1505.611659393420 3055.584648062161
  1457.849214505363 2556.118779975759
  1537.821134100507 2734.794305560184
  1476.843642395597 2874.554685687836
  1460.881676565275 2843.164585500552
  1408.436418269572 3013.918176382918
  1366.522459813654 3016.162758112282
  1752.983246977873 3405.354038474458
  1757.925364183369 3412.116019511492
  1781.483243696412 3381.772365541038
  1763.977392040345 3377.733518225049
  1801.693212334754 3397.844646108742
  1788.229110719616 3397.618148800638
  1849.263667243449 3418.218577558751
  1853.841624799991 3424.269267627472
  1887.225567953075 3334.782961380697
  1865.477737417381 3338.096742066478
  2027.955714732131 3265.577517903795
  2017.164700615825 3267.122236151654
  1983.667098678830 3360.312235980431
  1974.127168534362 3324.899441978273
  1970.169160492457 3394.286015817304
  1961.627921158906 3382.856814479663
  1490.231897150476 2328.889137173873
  1489.254822209755 2338.889873321233
  1458.323639561534 2331.469863697155
  1463.261545481202 2342.487568808452
  1439.372203600681 2467.431172740178
  1413.821967161997 2450.955509943813
  2910.051702773025 2639.805619020711
  2896.574603507367 2639.513455802213
  2904.676662721411 2382.433809361346
  2923.024142823417 2381.124005495611
  2882.398364625048 2359.073041820139
  2895.461081921280 2358.212226662560
  2861.407541607365 2497.622632886870
  2872.298616263860 2496.500780635140
  2903.421941740573 2313.432671243030
  2923.189705862381 2304.422118249651
  2920.596404266565 2177.660894649062
  2894.883118981606 2177.204767518287
  2814.336785549005 2172.156676275681
  2842.073952388081 2162.693405287768
  2914.982806606939 2107.920303946657
  2891.066411013090 2110.149146393997
  2766.104653885550 1930.292876274722
  2762.821067832099 1916.975186274367
  2847.495129594940 1910.025110942043
  2861.674045823532 1908.599481409531
  2781.102644396647 1891.360954928668
  2782.893634546659 1902.863857333524
  2812.446853502369 1917.381347254020
  2810.247261751470 1906.142173511652
  2716.894703524664 1939.329728165358
  2706.023467123765 1934.981533226497
  2651.116096115794 2001.723689452491
  2664.401406633802 1996.269635814510
  2742.445734549963 1786.498725024126
  2742.921750688646 1774.254432330521
  2812.264986560159 1819.423914263524
  2813.287481565992 1824.427699686059
  2769.900644053854 1629.274357496119
  2769.080406507822 1660.074964435568
  2679.263838858872 1617.525526581387
  2674.707651744555 1646.491557996322
  2642.946332684343 1588.631541005514
  2647.366825598501 1558.039979663803
  2470.897457062285 1644.749806513770
  2476.940693652060 1604.493296061201
  2753.223381509762 1512.426551536926
  2749.228727646544 1542.210208999825
  2566.019098505129 1402.714593387919
  2575.579365224753 1444.706596642124
  2752.837013301173 1374.765273245010
  2750.773449671063 1423.891715924913
  2653.646479010162 876.7512908649702
  2623.457759685029 891.6505902291846
  2870.537707502362 859.9365463778665
  2840.900302157431 985.1341840491603
  2446.147949396299 1010.178375185491
  2467.240857402833 1026.931542254907
  2457.148295769146 737.9037605904611
  2463.396711707530 706.9314259083871
  2631.721844632325 660.0501110184970
  2629.690685603372 632.0265291165283
  2738.400273563772 654.3907789890949
  2735.083419233661 620.8281862506705
  2366.631369653675 696.7208894640564
  2349.743749928009 685.6168358523866
  2491.000330962817 871.8475408564141
  2463.470104552751 891.2905384603329
  2517.427772177980 815.3096247910123
  2489.656465539346 830.1422235391876
  2619.377948077739 783.0448209292965
  2585.872454032431 789.2484689898915
  2723.925903477256 777.5774739600453
  2690.831218575144 787.2333708864980
  2798.660717594924 703.6617003573453
  2822.675180789937 708.8665028729296
  2553.874417855222 710.0544194312308
  2533.369520999244 719.9333803487133
  1369.805429873979 1126.717880206075
  1368.695554246035 1134.896039607267
  2024.661014620138 1584.949354964724
  2218.199110593057 1715.090402257474
  1121.063687615404 1602.033902372360
  1112.638777671257 1633.663524170623
  2340.945572117868 2518.363862073222
  2388.168188410921 2490.948267655807
  2301.104568412924 2495.489199377881
  1922.666836956324 3021.884999027715
  1914.968180034886 3036.346937956191
  1948.631606729476 3020.991048971152
  2767.845060511349 2555.647462673519
  2766.031791813049 2540.442214449047
  2745.384204944868 2572.450676109848
  1103.461084931626 1440.733433514864
  1128.765168532769 1442.060371919165
  1087.409312379540 1409.227577180992
  894.9747560924979 2272.960883404002
  901.1346516997128 2260.956379023665
  936.1094490131939 2259.223682244268
  889.5513768236363 1810.101662196113
  872.5672515821042 1791.739990789437
  851.4176922148329 1796.532678205935
  1042.806908216446 1922.282471075610
  1045.187851149836 1897.988283104737
  1022.459563106076 1881.718001021118
  1403.439788634982 1238.521791601973
  1387.879247553672 1243.144615025651
  1379.477428280902 1235.184385991190
  1349.852797864710 765.9284883911548
  1345.231838388133 769.0558504189723
  1345.760805945707 776.4547706448818
  1350.265113191228 804.1504237306724
  1345.984674026812 802.0208277500262
  1345.565790427005 795.2665996095349
  1353.102986804774 880.0383491596705
  1354.370492179248 872.0108151213332
  1350.633530778258 868.9876384043611
  1376.809230419417 985.4077574654056
  1364.676096710180 982.3079411014745
  1361.402095273635 970.6356301816365
  1688.401638284252 1444.259737614560
  1698.199288806835 1418.803779541753
  1720.495381831938 1415.292779941546
  1454.880007220465 1743.739920805277
  1455.383219797082 1756.926514693604
  1435.557500524605 1769.404381867692
  1857.517788435137 3034.181130908441
  1852.212864663420 3019.728589799799
  1821.946781499746 3014.476831347083
  1480.077501331302 2933.192253835451
  1473.883296643171 2940.205014368157
  1477.108945989271 2949.819467670424
  1646.702119018036 3444.753175640303
  1652.055023253154 3416.047098685084
  1668.460111232604 3410.257978009272
  2740.662180084121 1724.753055511730
  2724.985062111798 1733.331849833069
  2724.312230695398 1762.715313535583
  2780.311912616755 1821.360196115934
  2767.135461818385 1825.409375628635
  2760.556823651943 1819.292364398315
  2750.536377192317 1817.936155762927
  2742.079988451991 1821.975840052753
  2733.745763695215 1816.255202895069
  2913.353869561216 1409.443221889762
  2906.811841353751 1449.852568324590
  2923.908792924245 1463.794539960869
  2560.674705779088 1059.888332609964
  2545.535011141175 1097.017360035201
  2516.832879234341 1100.957422743762
  1170.177371887195 1583.408558893459
  1325.592407690380 1631.303596708767
  1330.306067478731 1651.930821184941
  891.4008323658114 1564.286187867636
  925.8440170784539 1562.272234840401
  936.6641647750844 1578.715317403154
  1758.741254391784 3355.778316710167
  1763.502228468911 3362.062427192353
  1761.852882711322 3348.394690503715
  1757.438993251103 3342.568704355749
  862.8244076520594 1740.796399782947
  867.7893208736538 1728.032408004985
  863.7236028656257 1722.965732585991
  867.6701187353639 1712.819876281023
  1592.509101902252 1765.124858555494
  1608.290452410495 1748.656687746210
  1600.884328223429 1723.197894103004
  1607.237875203893 1716.567834345798
  2834.835680678148 787.0746871533435
  2797.882242015550 799.3404150311769
  2793.240171171859 821.8793919795375
  2760.746479318146 832.6648234968274
  1357.828424693449 906.3972779050084
  1352.395158264654 908.7677365644116
  1351.254698201561 918.8888787131392
  1356.301461205672 922.6136210927720
  1355.581718437862 929.0010598986240
  1497.237122912880 2931.907022915544
  1498.680954452925 2923.203667697718
  1509.831321016304 2919.016789751550
  1514.665215030096 2922.990112043827
  1522.140116129489 2920.183343460485
 1093 1553
 1155 1515
 1072 1594
  966 1577
  880 1587
  949 1502
  911 1453
  953 1446
  879 1501
 1067 1693
 1093 1693
 1145 1693
  998 1697
 1005 1690
 1025 1691
 1047 1689
 1071 1684
  927 1712
  945 1698
  966 1693
  978 1697
  985 1690
  867 1746
  861 1756
  879 1771
  905 1744
  863 1707
  873 1712
  857 1724
  868 1728
  855 1742
  868 1690
  880 1692
  873 1662
 1132 1795
 1112 1836
 1124 1830
 1099 1853
 1002 1740
 1159 1725
 1094 1776
 1090 1744
 1035 1739
 1019 1739
  941 1777
  959 1783
  981 1787
  998 1796
 1018 1799
 1128 1704
  945 2273
  947 2238
  787 2376
  798 2377
  797 2392
  783 2410
  795 2412
  797 2324
  787 2342
  798 2343
  798 2359
  797 2286
  875 2325
  865 2347
  855 2285
  824 2285
  888 2233
  896 2253
  895 2273
  857 2233
  858 2254
  875 2235
  797 2251
  787 2269
  822 2235
  840 2235
  841 2182
  857 2193
  875 2182
  797 2234
  797 2183
  797 2200
  787 2196
  858 2128
  834 2126
  813 2125
  785 2154
  796 2166
  942 2184
  926 2182
  899 2140
  879 2135
  885 2010
  911 2018
  952 2029
  951 2059
  947 2095
  803 1998
  788 2013
  800 2011
  809 2036
  831 2042
  819 1923
  811 1940
  813 1956
  807 1973
  794 1990
  846 1984
  828 1887
  824 1907
  869 1900
  862 1916
  857 1933
  854 1949
  850 1965
  937 1971
  908 1961
  913 1974
  896 1957
  837 1847
  907 1911
  926 1918
  950 1924
  978 1939
  880 1844
  876 1861
  850 1795
  846 1814
  842 1831
 1002 1891
  890 1810
  884 1828
  994 1839
  970 1830
  949 1827
  932 1819
  920 1862
 1024 1866
 1065 1889
 1048 1926
 1373 1148
 1366 1136
 1365 1123
 1365 1110
 1327 1201
 1318 1206
 1305 1211
 1304 1275
 1426 1218
 1377 1187
 1364 1191
 1352 1194
  996 2036
  981 1760
  889 2364
 1028 1929
  967 1876
  815 2274
 1003 2075
  985 1739
 1336 1249
 1424 1180
 1321 1229
 1309 1233
 1323 1253
 1380 1233
 1357 1241
 1344 1246
 1367 1213
 1370 1238
 1400 1182
 1386 1251
 1352 1262
 1274 1269
 1287 1265
 1295 1262
 1402 1191
 1356 1217
 1332 1225
 1344 1221
 1380 1208
 1403 1204
 1310 1257
 1405 1232
 1404 1226
 1405 1240
 1292 1238
 1403 1216
 1279 1241
 1230 1146
 1320 1108
 1215  902
 1303  857
 1310  979
 1275 1076
 1272  990
 1305  893
 1280 1142
 1266  929
 1282 1183
 1229 1127
 1323 1163
 1292  988
 1259  914
 1230 1107
 1212  882
 1306  910
 1282 1158
 1317 1080
 1307  926
 1301 1118
 1270 1176
 1215  922
 1321 1146
 1262  860
 1264  896
 1320 1128
 1252  931
 1210  863
 1297 1067
 1304  876
 1263  880
 1309 1063
 1312  994
 1282 1122
 1238 1217
 1295  744
 1258  802
 1243  787
 1253  752
 1296  760
 1259  820
 1274  764
 1255  786
 1254  769
 1300  802
 1300  819
 1298  785
 1278  774
 1297  772
 1351  816
 1349  747
 1349  754
 1342  779
 1341  767
 1351  779
 1352  791
 1350  766
 1343  804
 1339  792
 1339  742
 1336  755
 1352  803
 1359  896
 1348  882
 1351  919
 1357  871
 1350  907
 1352  943
 1353  854
 1362  942
 1345  894
 1348  870
 1358  884
 1360  921
 1340  971
 1351  931
 1363  969
 1364  983
 1355  969
 1361  933
 1360  908
 1379  869
 1392  699
 1398  796
 1378  861
 1408  939
 1418 1087
 1380  882
 1370  707
 1371  735
 1375  819
 1381  896
 1338  720
 1372  777
 1371  754
 1290  701
 1402  859
 1420 1126
 1374  805
 1415 1036
 1371  722
 1370  699
 1324  721
 1347  719
 1372  763
 1373  797
 1395  753
 1345  698
 1386  962
 1384  940
 1386  976
 1385  948
 1369 1090
 1395 1111
 1391 1036
 1392 1059
 1393 1073
 1392 1045
 1394 1088
 1395 1097
 1397 1135
 1396 1126
 1398 1149
 1285 1215
 1031 1528
  962 1774
  933 1765
  975 1778
 1004 1789
 1027 1798
 1049 1830
  784 2286
 1508  728
 1468  710
 1468  695
 1470  744
 1491  743
 1468  702
 1490  702
 1470  730
 1506  693
 1473  796
 1493  770
 1510  761
 1476  831
 1604  668
 1637  666
 1602  720
 1602  712
 1622  725
 1603  726
 1640  710
 1603  740
 1645  745
 1625  760
 1625  774
 1605  760
 1605  774
 1625  767
 1607  809
 1647  819
 1646  806
 1636  807
 1618  808
 1611  821
 1619  820
 1628  820
 1627  807
 1637  819
 1579  816
 1547  853
 1554  846
 1562  840
 1541  837
 1570  819
 1570  835
 1518  859
 1532  843
 1525  851
 1551  830
 1560  824
 1541  859
 1578  831
 1587  827
 1535  867
 1500  887
 1520  892
 1488  930
 1506  932
 1496  897
 1510  922
 1492  908
 1486  952
 1490  919
 1507  952
 1486  941
 1513  912
 1516  902
 1507  942
 1519 1038
 1528 1012
 1545 1031
 1529 1049
 1521 1000
 1503 1014
 1536 1022
 1510 1026
 1588 1059
 1553 1067
 1564 1048
 1541 1058
 1554 1040
 1566 1074
 1576 1054
 1581 1081
 1635 1089
 1620 1089
 1634 1068
 1622 1068
 1658 1088
 1647 1089
 1660 1067
 1647 1067
 1666 1109
 1670 1177
 1668 1144
 1672 1212
 1714 1107
 1717 1141
 1720 1209
 1718 1176
 1731 1388
 1728 1351
 1661 1382
 1681 1352
 1661 1369
 1516 1449
 1515 1463
 1513 1414
 1527 1505
 1683 1400
 1569 1575
 1529 1567
 1542 1626
 1539 1608
 1566 1560
 1571 1590
 1534 1590
 1580 1622
 1521 1575
 1575 1606
 1628 1568
 1654 1587
 1676 1581
 1638 1594
 1638 1541
 1619 1600
 1660 1539
 1613 1546
 1613 1485
 1560 1497
 1646 1477
 1671 1447
 1734 1432
 1752 1430
 1689 1445
 1790 1443
 1926 1373
 1891 1418
 1872 1420
 1930 1407
 1824 1435
 1727 1572
 1716 1563
 1710 1528
 1714 1545
 1754 1516
 1768 1554
 1760 1536
 1937 1559
 1924 1544
 1909 1526
 1892 1484
 1948 1580
 1906 1506
 1987 1539
 1957 1504
 1945 1476
 1750 1608
 1788 1594
 1836 1645
 1855 1659
 1806 1610
 1819 1631
 1788 1665
 1827 1697
 1811 1678
 1759 1632
 1775 1648
 1657 1687
 1635 1643
 1699 1627
 1695 1670
 1678 1674
 1625 1671
 1726 1663
 1642 1677
 1657 1702
 1670 1658
 1680 1631
 1655 1637
 1596 1722
 1568 1707
 1561 1687
 1594 1674
 1550 1670
 1609 1717
 1568 1730
 1603 1702
 1589 1658
 1598 1688
 1608 1798
 1610 1816
 1598 1784
 1639 1862
 1624 1846
 1626 1753
 1633 1772
 1661 1817
 1654 1903
 1622 1828
 1671 1834
 1697 1870
 1592 1765
 1675 1879
 1648 1802
 1641 1786
 1728 1836
 1715 1778
 1742 1723
 1758 1701
 1745 1744
 1704 1793
 1745 1786
 1784 1755
 1773 1773
 1759 1799
 1797 1726
 1729 1758
 1825 1791
 1902 1684
 1878 1711
 1734 1903
 1860 1740
 1708 1922
 1765 1867
 1794 1840
 1684 1939
 1932 1659
 1813 1814
 1958 1628
 1980 1606
 1843 1762
 2223 1829
 2346 2171
 2347 2188
 2253 2011
 2244 1957
 2228 1865
 2235 1912
 2309 1966
 2301 1919
 2352 2251
 2356 2228
 2333 2126
 2279 2223
 2263 2153
 2372 2304
 2334 2077
 2302 2357
 2380 2365
 2026 2801
 2211 2694
 2246 2553
 2036 2762
 2015 2914
 2094 2957
 2390 2492
 2114 2806
 2388 2421
 2030 3098
 2030 3023
 2105 3063
 2100 3013
 2324 2014
 2213 1791
 2301 2452
 2287 2301
 2249 2090
 2283 2506
 1845 2403
 2026 2473
 1909 2364
 2006 2344
 1900 2441
 2039 2436
 1972 2427
 1970 2364
 1880 2384
 1647 2691
 1423 1813
 1358 1676
 1447 1521
 1341 1617
 1380 1751
 1372 1721
 1391 1782
 1415 1544
 1350 1658
 1380 1549
 1458 1822
 1525 1796
 1490 1811
 1447 1621
 1466 1626
 1486 1726
 1445 1607
 1456 1580
 1507 1750
 1491 1706
 1486 1763
 1428 1724
 1407 1644
 1444 1738
 1430 1586
 1401 1597
 1465 1762
 1441 1633
 1431 1767
 1436 1781
 1384 1607
 1391 1647
 1449 1719
 1464 1738
 1413 1729
 1388 1626
 1424 1634
 1473 1711
 1902 2833
 1946 2815
 1926 2826
 1841 2878
 1818 2976
 1879 2843
 1819 2931
 1827 2901
 1819 2955
 1814 3024
 1971 2808
 1857 2853
 1817 3001
 1793 2989
 1912 2904
 1947 2867
 1856 3036
 1909 2884
 1870 2957
 1966 2860
 1868 2991
 1871 2924
 1862 3008
 1870 2940
 1869 2974
 1955 2973
 1896 3037
 1958 3036
 1876 3049
 1963 2994
 1912 2941
 1913 2975
 1916 3038
 1912 2958
 1913 2992
 1914 3008
 1912 2924
 1956 2911
 1984 3039
 1868 3036
 1614 2727
 1839 3085
 1598 2741
 1718 3073
 1745 3078
 1956 3092
 1718 3100
 1999 3100
 1979 3095
 1816 3087
 1769 3083
 1640 3060
 1698 3066
 1664 3061
 1611 3062
 1634 3012
 1620 3003
 1610 3011
 1684 3016
 1673 3005
 1728 3020
 1657 3008
 1777 3032
 1751 3034
 1706 3014
 1449 2954
 1439 2994
 1477 3052
 1476 3022
 1463 2976
 1496 2921
 1463 2938
 1539 3038
 1514 3062
 1501 2935
 1489 3031
 1526 3040
 1514 2927
 1460 3039
 1539 3060
 1510 2918
 1478 2950
 1461 2993
 1469 2959
 1523 2915
 1526 3061
 1514 3040
 1528 2925
 1466 3007
 1442 2973
 1495 3060
 1478 2927
 1446 3018
 1489 2935
 1501 3038
 1377 2909
 1482 3141
 1360 3029
 1360 2906
 1449 3129
 1515 3146
 1423 3114
 1415 2845
 1474 2823
 1439 2842
 1433 2828
 1356 3000
 1415 3024
 1425 2940
 1459 3070
 1415 3001
 1414 2982
 1539 3085
 1462 2892
 1520 2873
 1506 3086
 1509 3097
 1429 3039
 1494 3085
 1504 2876
 1441 3055
 1472 2882
 1477 3080
 1435 2923
 1447 2906
 1417 2961
 1665 3263
 1623 3257
 1684 3269
 1725 3274
 1770 3274
 1793 3085
 1671 3390
 1652 3356
 1670 3330
 1670 3366
 1674 3353
 1764 3327
 1669 3378
 1670 3402
 1672 3316
 1754 3343
 1765 3348
 1652 3318
 1674 3415
 1759 3412
 1760 3382
 1754 3421
 1758 3394
 1764 3362
 1761 3368
 1749 3357
 1747 3406
 1807 3378
 1806 3364
 1784 3390
 1790 3342
 1811 3353
 1813 3323
 1804 3402
 1785 3378
 1785 3403
 1801 3425
 1807 3389
 1781 3424
 1803 3413
 1810 3341
 1856 3424
 1863 3335
 1856 3362
 1854 3407
 1851 3431
 1862 3347
 1843 3419
 1893 3320
 1999 3310
 1945 3282
 1927 3289
 2012 3280
 1910 3295
 1893 3342
 1961 3295
 2033 3272
 1984 3315
 2010 3258
 1953 3328
 1929 3309
 1976 3271
 2033 3253
 1900 3352
 1958 3278
 1967 3323
 1938 3333
 2025 3350
 1976 3368
 2003 3358
 1990 3362
 1952 3384
 2041 3402
 2013 3374
 2042 3346
 2012 3354
 2024 3370
 1965 3375
 1981 3393
 2030 3393
 1966 3404
 1977 3453
 2006 3419
 1930 3429
 1909 3429
 1957 3449
 2015 3420
 2024 3403
 1986 3437
 1994 3429
 1888 3427
 2002 3411
 1831 3515
 1886 3477
 1862 3472
 1945 3503
 1849 3516
 1882 3497
 1652 3416
 1940 3519
 1874 3473
 1850 3470
 1830 3521
 1903 3476
 1693 3455
 1744 3456
 1738 3479
 1719 3457
 1654 3472
 1755 3461
 1669 3453
 1681 3454
 1629 3451
 1767 3461
 1706 3456
 1731 3459
 1654 3451
 1780 3464
 1380 2312
 1538 2283
 1312 2416
 1498 2276
 1347 2547
 1305 2457
 1398 2300
 1321 2546
 1558 2297
 1334 2545
 1311 2436
 1303 2478
 1289 2534
 1435 2283
 1518 2284
 1293 2514
 1299 2497
 1372 2553
 1455 2283
 1416 2291
 1312 2396
 1358 2549
 1318 2375
 1362 2321
 1477 2275
 1384 2557
 1397 2558
 1504 2457
 1502 2469
 1476 2539
 1447 2555
 1411 2562
 1463 2549
 1498 2483
 1486 2524
 1492 2510
 1473 2495
 1496 2496
 1430 2564
 1522 2406
 1530 2382
 1514 2432
 1540 2346
 1509 2444
 1526 2395
 1536 2371
 1517 2419
 1543 2335
 1539 2358
 1366 2374
 1413 2347
 1495 2343
 1444 2330
 1362 2406
 1391 2359
 1482 2323
 1444 2351
 1357 2450
 1478 2344
 1501 2324
 1460 2347
 1463 2325
 1360 2429
 1421 2403
 1415 2427
 1404 2456
 1399 2502
 1334 2491
 1358 2494
 1346 2494
 1382 2501
 1370 2499
 1415 2496
 1448 2463
 1451 2450
 1429 2488
 1456 2439
 1439 2475
 1459 2427
 1462 2415
 1461 2372
 1467 2402
 1466 2389
 2919 2613
 2859 2566
 2765 2540
 2922 2593
 2895 2616
 2877 2580
 2916 2630
 2728 2565
 2747 2586
 2893 2633
 2897 2590
 2889 2652
 2818 2501
 2800 2514
 2914 2647
 2870 2626
 2784 2527
 2851 2618
 2792 2566
 2835 2609
 2808 2585
 2822 2597
 2900 2525
 2927 2536
 2927 2549
 2900 2548
 2926 2523
 2901 2537
 2927 2510
 2900 2501
 2900 2513
 2927 2498
 2900 2489
 2900 2476
 2926 2486
 2927 2473
 2900 2452
 2928 2449
 2900 2464
 2927 2461
 2927 2387
 2900 2365
 2900 2417
 2901 2429
 2926 2375
 2926 2400
 2900 2349
 2901 2377
 2901 2390
 2927 2348
 2900 2402
 2926 2436
 2901 2439
 2926 2363
 2926 2412
 2927 2424
 2848 2403
 2853 2368
 2877 2385
 2877 2351
 2878 2402
 2877 2419
 2878 2368
 2853 2351
 2853 2385
 2849 2419
 2846 2470
 2877 2452
 2877 2470
 2853 2486
 2849 2452
 2849 2436
 2877 2436
 2877 2486
 2877 2503
 2859 2503
 2924 2305
 2924 2296
 2893 2306
 2925 2286
 2923 2248
 2922 2238
 2924 2257
 2923 2277
 2924 2267
 2924 2153
 2921 2220
 2894 2248
 2920 2229
 2922 2162
 2922 2210
 2923 2191
 2923 2201
 2892 2172
 2923 2182
 2892 2182
 2924 2172
 2859 2207
 2850 2177
 2843 2158
 2856 2197
 2853 2187
 2860 2217
 2861 2227
 2872 2205
 2847 2167
 2859 2256
 2861 2238
 2871 2284
 2856 2274
 2860 2246
 2858 2265
 2855 2283
 2854 2301
 2855 2292
 2871 2303
 2887 2119
 2920 2097
 2886 2103
 2918 2060
 2919 2080
 2920 2115
 2843 2104
 2817 2104
 2807 2082
 2862 2105
 2841 2063
 2814 2090
 2793 2077
 2861 2081
 2859 2062
 2769 2118
 2786 2135
 2753 2098
 2797 2157
 2812 2184
 2773 2048
 2821 2021
 2784 1983
 2830 2011
 2816 1974
 2750 2030
 2812 2012
 2817 1995
 2850 2013
 2800 1977
 2740 2013
 2759 2045
 2855 2025
 2725 2004
 2851 1972
 2838 2019
 2803 2026
 2768 1989
 2834 1972
 2756 1915
 2912 1972
 2768 1912
 2765 1891
 2841 1880
 2815 1902
 2902 1914
 2779 1906
 2739 1899
 2827 1880
 2789 1885
 2744 1918
 2915 2022
 2866 1899
 2802 1882
 2899 1896
 2906 1930
 2914 2005
 2867 1916
 2896 1879
 2913 1988
 2827 1902
 2791 1906
 2841 1901
 2814 1880
 2775 1889
 2754 1895
 2804 1904
 2703 1914
 2709 1959
 2756 1940
 2806 1923
 2823 1921
 2772 1932
 2843 1931
 2721 1970
 2706 1935
 2843 1920
 2718 1947
 2790 1927
 2716 2065
 2688 2026
 2701 2047
 2667 1977
 2645 1997
 2733 2081
 2677 2006
 2708 2095
 2671 2057
 2650 2010
 2732 1792
 2805 1817
 2762 1813
 2767 1826
 2711 1770
 2742 1823
 2676 1788
 2733 1768
 2818 1826
 2795 1823
 2751 1770
 2782 1795
 2714 1795
 2685 1807
 2886 1810
 2692 1832
 2834 1824
 2734 1813
 2755 1821
 2782 1814
 2807 1830
 2768 1772
 2728 1819
 2795 1815
 2885 1789
 2784 1774
 2781 1822
 2748 1790
 2751 1812
 2888 1832
 2818 1779
 2802 1776
 2836 1781
 2586 1655
 2700 1679
 2614 1684
 2746 1728
 2639 1649
 2782 1668
 2682 1707
 2824 1720
 2856 1740
 2821 1674
 2787 1720
 2698 1656
 2684 1654
 2742 1663
 2760 1665
 2843 1676
 2663 1651
 2708 1723
 2683 1723
 2802 1671
 2723 1660
 2806 1726
 2647 1717
 2645 1837
 2723 1553
 2434 1546
 2627 1542
 2675 1547
 2496 1597
 2460 1591
 2818 1565
 2771 1559
 2896 1579
 2492 1478
 2704 1608
 2745 1614
 2579 1599
 2787 1620
 2622 1597
 2821 1624
 2552 1623
 2665 1606
 2527 1607
 2551 1627
 2422 1648
 2455 1651
 2480 1652
 2583 1447
 2558 1461
 2638 1408
 2554 1399
 2821 1446
 2741 1429
 2621 1484
 2741 1503
 2773 1438
 2653 1470
 2672 1454
 2696 1425
 2926 1463
 2888 1457
 2816 1259
 2658 1281
 2903 1401
 2751 1269
 2739 1263
 2666 1306
 2728 1359
 2643 1331
 2936 1254
 2783 1359
 2963 1382
 2914 1525
 2781 1501
 2597 1374
 2582 1144
 2506 1087
 2516 1103
 2612 1175
 2449  991
 2404 1056
 2622  914
 2500 1014
 2441 1077
 2644  961
 2828  989
 2802 1016
 2612  884
 2805 1037
 2469  981
 2845  989
 2478 1085
 2783 1060
 2818 1009
 2465 1042
 2589 1056
 2844 1105
 2553 1050
 2439 1013
 2226  694
 2212  718
 2191  741
 2351  664
 2346  639
 2322  639
 2255  800
 2294  640
 2267  654
 2464  641
 2407  637
 2379  638
 2435  637
 2460  669
 2492  653
 2382  689
 2451  696
 2414  687
 2439  683
 2484  700
 2595  614
 2555  620
 2518  610
 2609  622
 2668  616
 2582  626
 2643  623
 2695  619
 2681  610
 2798  611
 2760  606
 2852  612
 2746  613
 2823  610
 2838  603
 2773  615
 2720  614
 2345  688
 2158  776
 2314  872
 2305  691
 2161  764
 2329  904
 2376 1008
 2340  944
 2350  978
 2425  940
 2350  816
 2402  913
 2372  841
 2391  872
 2327  788
 2500  876
 2472  751
 2465  908
 2483  826
 2464  808
 2442  743
 2472  795
 2439  880
 2425  827
 2489  850
 2364  742
 2560  823
 2572  773
 2533  825
 2591  834
 2581  803
 2518  798
 2530  765
 2665  827
 2695  839
 2686  807
 2677  774
 2707  865
 2724  896
 2644  834
 2624  770
 2648  825
 2633  799
 2655  856
 2666  885
 2751  824
 2793  795
 2758  846
 2739  792
 2799  827
 2736  816
 2727  765
 2860  850
 2877  858
 2869  705
 2859  660
 2874  801
 2905  809
 2829  659
 2886  754
 2846  797
 2840  762
 2806  660
 2897  780
 2851  828
 2912  833
 2725  664
 2725  718
 2753  661
 2793  686
 2778  661
 2824  713
 2828  703
 2759  716
 2745  707
 2792  711
 2532  719
 2568  670
 2602  722
 2668  666
 2567  719
 2670  716
 2620  668
 2593  668
 2634  717
 2539  672
 2555  695
 2607  693
 2644  666
 2672  691
 1232 1252
 1374 1139
 1373 1115
 1374 1125
 1018 1988
 2156 2748
 2184 2725
 2343 1654
 2341 2541
 1865 3364
 2629 1699
 2892 1625
 2584 1727
 1270  725
 1283  723
 1292  722
 1247  708
 1227  731
 1249  729
 1240  730
  798 2269
 1144 1768
 1327 1655
  924 2326
  787 2177
  853 2174
  943 2149
 1024 1952
  842 2000
  963 1981
  901 1765
  928 1647
  965 1646
 1111 1592
 1041 1644
 1003 1645
 1078 1643
 1003 1576
 1121 1642
 1163 1552
 1162 1591
 1143 1470
 1134 1434
 1096 1396
 1064 1408
 1033 1420
 1083 1514
 1089 1463
 1033 1579
  931 1590
  931 1552
  882 1550
  876 1460
 2025 1580
 1998 1598
 1341 1199
 1362 1092
 1512  796
 1617 3087
 2954 1394
 2704 1437
 2468 1504
 2741 1710
 2698 1817
 2815 1817
 1970 2353
 1906 2821
 1666 3087
 1409 2842
  946 1870
  836 2324
  823 2182
  874 2274
  909 2367
  895 2183
  876 2388
  819 2325
  839 2273
  853 2326
 1348 1066
 1369 1063
 1360 1065
 1369 1047
 1352 1577
